{
 "cells": [
  {
   "cell_type": "code",
   "execution_count": 1,
   "id": "597f749d",
   "metadata": {},
   "outputs": [],
   "source": [
    "import numpy as np\n",
    "import pandas as pd\n",
    "import pyomo.environ as pyo\n",
    "from measure_optimize import MeasurementOptimizer, DataProcess, covariance_lib\n",
    "import matplotlib.pyplot as plt\n",
    "import pickle "
   ]
  },
  {
   "cell_type": "markdown",
   "id": "e70ab310",
   "metadata": {},
   "source": [
    "## Input Setting\n",
    "\n",
    "### All measurements and index\n",
    "\n",
    "- ads.gas_inlet.F (0)\n",
    "- ads.gas_outlet.F (1)\n",
    "- ads.gas_outlet.T (2)\n",
    "- ads.gas_outlet.z (3)\n",
    "- des.gas_inlet.F (4)\n",
    "- des.gas_outlet.F (5)\n",
    "- des.gas_outlet.T (6)\n",
    "- des.gas_outlet.z (7)\n",
    "- ads.T19 (8)\n",
    "- ads.T23 (9)\n",
    "- ads.T28 (10)\n",
    "- ads.z19 (11)\n",
    "- ads.z23 (12)\n",
    "- ads.z28 (13)\n",
    "\n",
    "One-time cost ones: 0,1,2, 4,5,6, 8,9,10\n",
    "\n",
    "Time-cost ones: 3,7,11,12,13\n",
    "\n",
    "Names in str: 'Ads.gas_inlet.F', 'Ads.gas_outlet.F', 'Ads.gas_outlet.T', \n",
    "             'Ads.gas_outlet.z(\"CO2\")', 'Des.gas_inlet.F', 'Des.gas_outlet.F', \n",
    "             'Des.gas_outlet.T', 'Des.gas_outlet.z(\"CO2\")', 'Ads.T_g.Value(19,10)', \n",
    "             'Ads.T_g.Value(23,10)', 'Ads.T_g.Value(28,10)', 'Ads.z(\"CO2\",19,10)', \n",
    "             'Ads.z(\"CO2\",23,10)', 'Ads.z(\"CO2\",28,10)'"
   ]
  },
  {
   "cell_type": "code",
   "execution_count": 2,
   "id": "ea4a363c",
   "metadata": {},
   "outputs": [],
   "source": [
    "strategy3 = True\n",
    "\n",
    "Nt =110\n",
    "\n",
    "max_manual_num = 5 \n",
    "min_interval_num = 10"
   ]
  },
  {
   "cell_type": "code",
   "execution_count": 3,
   "id": "e7f000c7",
   "metadata": {},
   "outputs": [
    {
     "name": "stdout",
     "output_type": "stream",
     "text": [
      "[0, 1, 2, 3, 4, 5, 6, 7, 8, 9, 10, 3, 7, 11, 12, 13]\n"
     ]
    }
   ],
   "source": [
    "if strategy3:\n",
    "    static_ind = [0,1,2,3,4,5,6,7,8,9,10]\n",
    "    dynamic_ind = [3,7,11,12,13]\n",
    "    all_ind = static_ind+dynamic_ind\n",
    "\n",
    "else:\n",
    "    static_ind = [0,1,2,4,5,6,8,9,10]\n",
    "    dynamic_ind = [3,7,11,12,13]\n",
    "\n",
    "num_total = len(all_ind)"
   ]
  },
  {
   "cell_type": "code",
   "execution_count": 4,
   "id": "08f3540e",
   "metadata": {},
   "outputs": [],
   "source": [
    "all_names_strategy3 = ['Ads.gas_inlet.F', 'Ads.gas_outlet.F', 'Ads.gas_outlet.T', \n",
    "             'Des.gas_inlet.F', 'Des.gas_outlet.F', \n",
    "             'Des.gas_outlet.T',  'Ads.T_g.Value(19,10)', \n",
    "             'Ads.T_g.Value(23,10)', 'Ads.T_g.Value(28,10)', # all static\n",
    "            'Ads.gas_outlet.z(\"CO2\").static', 'Des.gas_outlet.z(\"CO2\").static', # static z \n",
    "            'Ads.gas_outlet.z(\"CO2\").dynamic', 'Des.gas_outlet.z(\"CO2\").dynamic', # dynamic z \n",
    "            'Ads.z(\"CO2\",19,10)', 'Ads.z(\"CO2\",23,10)', 'Ads.z(\"CO2\",28,10)']"
   ]
  },
  {
   "cell_type": "code",
   "execution_count": 5,
   "id": "30256a3c",
   "metadata": {},
   "outputs": [],
   "source": [
    "if strategy3:\n",
    "    static_cost = [1000, #ads.gas_inlet.F (0)\n",
    "        1000, #ads.gas_outlet.F (1)\n",
    "         500, #ads.gas_outlet.T (2)\n",
    "        7000,\n",
    "        1000, #des.gas_inlet.F (4)\n",
    "        1000, #des.gas_outlet.F (5)\n",
    "         500, #des.gas_outlet.T (6)\n",
    "        7000,\n",
    "         1000, #ads.T19 (8)\n",
    "         1000, #ads.T23 (9)\n",
    "         1000 #ads.T28 (10)\n",
    "       ]\n",
    "else:\n",
    "    static_cost = [1000, #ads.gas_inlet.F (0)\n",
    "        1000, #ads.gas_outlet.F (1)\n",
    "         500, #ads.gas_outlet.T (2)\n",
    "        1000, #des.gas_inlet.F (4)\n",
    "        1000, #des.gas_outlet.F (5)\n",
    "         500, #des.gas_outlet.T (6)\n",
    "         1000, #ads.T19 (8)\n",
    "         1000, #ads.T23 (9)\n",
    "         1000 #ads.T28 (10)\n",
    "       ]\n",
    "\n",
    "static_cost.extend([100, 100, 500, 500, 500])\n",
    "\n",
    "dynamic_cost = [0]*len(static_ind)\n",
    "dynamic_cost.extend([100]*len(dynamic_ind))\n",
    "\n",
    "max_manual = [max_manual_num]*num_total\n",
    "min_time_interval = [min_interval_num]*num_total"
   ]
  },
  {
   "cell_type": "code",
   "execution_count": 6,
   "id": "5beedf8e",
   "metadata": {
    "scrolled": true
   },
   "outputs": [
    {
     "name": "stdout",
     "output_type": "stream",
     "text": [
      "                               name  Q_index  static_cost  dynamic_cost  \\\n",
      "0                   Ads.gas_inlet.F        0         1000             0   \n",
      "1                  Ads.gas_outlet.F        1         1000             0   \n",
      "2                  Ads.gas_outlet.T        2          500             0   \n",
      "3                   Des.gas_inlet.F        3         7000             0   \n",
      "4                  Des.gas_outlet.F        4         1000             0   \n",
      "5                  Des.gas_outlet.T        5         1000             0   \n",
      "6              Ads.T_g.Value(19,10)        6          500             0   \n",
      "7              Ads.T_g.Value(23,10)        7         7000             0   \n",
      "8              Ads.T_g.Value(28,10)        8         1000             0   \n",
      "9    Ads.gas_outlet.z(\"CO2\").static        9         1000             0   \n",
      "10   Des.gas_outlet.z(\"CO2\").static       10         1000             0   \n",
      "11  Ads.gas_outlet.z(\"CO2\").dynamic        3          100           100   \n",
      "12  Des.gas_outlet.z(\"CO2\").dynamic        7          100           100   \n",
      "13               Ads.z(\"CO2\",19,10)       11          500           100   \n",
      "14               Ads.z(\"CO2\",23,10)       12          500           100   \n",
      "15               Ads.z(\"CO2\",28,10)       13          500           100   \n",
      "\n",
      "    min_time_interval  max_manual_number  \n",
      "0                  10                  5  \n",
      "1                  10                  5  \n",
      "2                  10                  5  \n",
      "3                  10                  5  \n",
      "4                  10                  5  \n",
      "5                  10                  5  \n",
      "6                  10                  5  \n",
      "7                  10                  5  \n",
      "8                  10                  5  \n",
      "9                  10                  5  \n",
      "10                 10                  5  \n",
      "11                 10                  5  \n",
      "12                 10                  5  \n",
      "13                 10                  5  \n",
      "14                 10                  5  \n",
      "15                 10                  5  \n",
      "[0, 1, 2, 3, 4, 5, 6, 7, 8, 9, 10]\n"
     ]
    }
   ],
   "source": [
    "measure_info = pd.DataFrame({\n",
    "    \"name\": all_names_strategy3,\n",
    "    \"Q_index\": all_ind,\n",
    "        \"static_cost\": static_cost,\n",
    "    \"dynamic_cost\": dynamic_cost,\n",
    "    \"min_time_interval\": min_time_interval, \n",
    "    \"max_manual_number\": max_manual\n",
    "})\n",
    "\n",
    "print(measure_info)"
   ]
  },
  {
   "cell_type": "code",
   "execution_count": 7,
   "id": "44e72140",
   "metadata": {},
   "outputs": [
    {
     "name": "stdout",
     "output_type": "stream",
     "text": [
      "(16, 110, 5)\n"
     ]
    }
   ],
   "source": [
    "dataObject = DataProcess()\n",
    "dataObject.read_jaco('./RotaryBed/Q'+str(Nt)+'_scale.csv')\n",
    "Q = dataObject.get_Q_list(measure_info, Nt)\n"
   ]
  },
  {
   "cell_type": "code",
   "execution_count": 8,
   "id": "7df09b33",
   "metadata": {
    "scrolled": true
   },
   "outputs": [
    {
     "name": "stdout",
     "output_type": "stream",
     "text": [
      "(314721, 5, 5)\n"
     ]
    }
   ],
   "source": [
    "calculator = MeasurementOptimizer(Q, measure_info, error_opt=covariance_lib.mode0, verbose=True)\n",
    "\n",
    "fim_expect = calculator.fim_computation()\n",
    "\n",
    "print(np.shape(calculator.fim_collection))"
   ]
  },
  {
   "cell_type": "markdown",
   "id": "8fd76274",
   "metadata": {},
   "source": [
    "### Debug functions: check each unit FIM"
   ]
  },
  {
   "cell_type": "code",
   "execution_count": 9,
   "id": "6dee81bc",
   "metadata": {},
   "outputs": [],
   "source": [
    "def check(fim_set):\n",
    "    for i in range(num_total):\n",
    "        for j in range(num_total):\n",
    "            fim = fim_set[i*num_total+j]\n",
    "            if np.any(fim):\n",
    "                logdet = np.log(np.linalg.det(fim))\n",
    "                if logdet < 0:\n",
    "                    print(\"unit FIM with small Det: \", i, j, ', logdet:', logdet)\n",
    "                if max(np.linalg.eigvals(fim))/min(np.linalg.eigvals(fim)) > 1000:\n",
    "                    print(\"unit FIM with big condition number:\", i, j, \", eigvals:\", np.linalg.eigvals(fim))"
   ]
  },
  {
   "cell_type": "code",
   "execution_count": 10,
   "id": "b0026943",
   "metadata": {},
   "outputs": [
    {
     "name": "stdout",
     "output_type": "stream",
     "text": [
      "[[ 5.68675822e+03  3.40446058e+00 -4.12615577e+03  1.12130355e+04\n",
      "  -6.89977591e+02]\n",
      " [ 3.40446058e+00  5.76986520e+00  7.18420470e+00  6.82874325e+01\n",
      "  -1.97005732e+01]\n",
      " [-4.12615577e+03  7.18420470e+00  3.34118481e+03 -8.54865956e+03\n",
      "   1.50792220e+02]\n",
      " [ 1.12130355e+04  6.82874325e+01 -8.54865956e+03  2.60398825e+04\n",
      "  -1.23576756e+03]\n",
      " [-6.89977591e+02 -1.97005732e+01  1.50792220e+02 -1.23576756e+03\n",
      "   6.81552017e+02]]\n"
     ]
    }
   ],
   "source": [
    "def print_fim(t):\n",
    "    fim = calculator.fim_collection[t*num_total+t]\n",
    "    print(fim)\n",
    "    print(np.linalg.eigvals(fim))\n",
    "\n",
    "total_fim = np.zeros((5,5))\n",
    "for i in range(314721):\n",
    "    total_fim += calculator.fim_collection[i]\n",
    "print(total_fim)"
   ]
  },
  {
   "cell_type": "markdown",
   "id": "838bb087",
   "metadata": {},
   "source": [
    "### Initialize"
   ]
  },
  {
   "cell_type": "code",
   "execution_count": 11,
   "id": "191fcf09",
   "metadata": {},
   "outputs": [],
   "source": [
    "num_static = len(static_ind)\n",
    "num_dynamic  = len(dynamic_ind)\n",
    "num_total = num_static + num_dynamic*Nt"
   ]
  },
  {
   "cell_type": "code",
   "execution_count": 12,
   "id": "0ec87fc3",
   "metadata": {},
   "outputs": [
    {
     "name": "stdout",
     "output_type": "stream",
     "text": [
      "[[1. 0. 1. ... 0. 0. 0.]\n",
      " [0. 0. 0. ... 0. 0. 0.]\n",
      " [1. 0. 1. ... 0. 0. 0.]\n",
      " ...\n",
      " [0. 0. 0. ... 0. 0. 0.]\n",
      " [0. 0. 0. ... 0. 0. 0.]\n",
      " [0. 0. 0. ... 0. 0. 0.]]\n"
     ]
    }
   ],
   "source": [
    "with open('Mar20_A_110_20000_strategy3_mip', 'rb') as f:\n",
    "    x = pickle.load(f)\n",
    "    \n",
    "print(x)\n",
    "\n",
    "init_cov_y = x.copy()\n",
    "\n",
    "for i in range(11):\n",
    "    init_cov_y[i,i] = 1\n",
    "    \n",
    "# initialize all decisions\n",
    "#init_cov_y = np.ones(x.shape) "
   ]
  },
  {
   "cell_type": "code",
   "execution_count": 14,
   "id": "e3a967c0",
   "metadata": {},
   "outputs": [
    {
     "name": "stdout",
     "output_type": "stream",
     "text": [
      "[[ 5.54781941e+03 -2.79896951e+00 -4.14297808e+03  1.09902329e+04\n",
      "  -4.94072165e+02]\n",
      " [-2.79896951e+00  5.20826025e+00  7.60848042e+00  5.06824563e+01\n",
      "  -1.04261168e+01]\n",
      " [-4.14297808e+03  7.60848042e+00  3.32483923e+03 -8.52165366e+03\n",
      "   1.68122219e+02]\n",
      " [ 1.09902329e+04  5.06824563e+01 -8.52165366e+03  2.52864273e+04\n",
      "  -8.96811655e+02]\n",
      " [-4.94072165e+02 -1.04261168e+01  1.68122219e+02 -8.96811655e+02\n",
      "   3.67315096e+02]]\n"
     ]
    }
   ],
   "source": [
    "#with open('strategy3_all_covy', 'rb') as f:\n",
    "with open('FIM_strategy3_A_110_20000', 'rb') as f:\n",
    "    fim_prior = pickle.load(f)\n",
    "    \n",
    "print(fim_prior)"
   ]
  },
  {
   "cell_type": "code",
   "execution_count": 15,
   "id": "de6f6f7b",
   "metadata": {},
   "outputs": [],
   "source": [
    "\n",
    "mip_option = False\n",
    "objective = \"D\"\n",
    "sparse_opt = True\n",
    "fix_opt = False\n",
    "\n",
    "manual_num = 20\n",
    "budget_opt = 27700\n",
    "\n",
    "num_dynamic_time = np.linspace(2,220,Nt)\n",
    "\n",
    "dynamic_time_dict = {}\n",
    "for i, tim in enumerate(num_dynamic_time):\n",
    "    dynamic_time_dict[i] = tim "
   ]
  },
  {
   "cell_type": "code",
   "execution_count": 16,
   "id": "6678f339",
   "metadata": {
    "scrolled": true
   },
   "outputs": [
    {
     "name": "stdout",
     "output_type": "stream",
     "text": [
      "{'ele_0_0': 5547.819413862037, 'ele_0_1': -2.7989695079930907, 'ele_0_2': -4142.978078958834, 'ele_0_3': 10990.232885489535, 'ele_0_4': -494.07216522961767, 'ele_1_1': 5.208260254418963, 'ele_1_2': 7.608480416183696, 'ele_1_3': 50.68245631431674, 'ele_1_4': -10.426116776757201, 'ele_2_2': 3324.8392276658083, 'ele_2_3': -8521.653655909617, 'ele_2_4': 168.12221904300958, 'ele_3_3': 25286.42731937437, 'ele_3_4': -896.8116552992137, 'ele_4_4': 367.3150958511481}\n",
      "initialize with: {'ele_0_0': 5547.819413862037, 'ele_0_1': -2.7989695079930907, 'ele_0_2': -4142.978078958834, 'ele_0_3': 10990.232885489535, 'ele_0_4': -494.07216522961767, 'ele_1_1': 5.208260254418963, 'ele_1_2': 7.608480416183696, 'ele_1_3': 50.68245631431674, 'ele_1_4': -10.426116776757201, 'ele_2_2': 3324.8392276658083, 'ele_2_3': -8521.653655909617, 'ele_2_4': 168.12221904300958, 'ele_3_3': 25286.42731937437, 'ele_3_4': -896.8116552992137, 'ele_4_4': 367.3150958511481}\n",
      "initialized\n",
      "initialized\n",
      "initialized\n",
      "initialized\n",
      "initialized\n",
      "initialized\n",
      "initialized\n",
      "initialized\n",
      "initialized\n",
      "initialized\n",
      "initialized\n",
      "initialized\n",
      "initialized\n",
      "initialized\n",
      "initialized\n",
      "\n",
      " Consider M =\n",
      " [[ 5.54781941e+03 -2.79896951e+00 -4.14297808e+03  1.09902329e+04\n",
      "  -4.94072165e+02]\n",
      " [-2.79896951e+00  5.20826025e+00  7.60848042e+00  5.06824563e+01\n",
      "  -1.04261168e+01]\n",
      " [-4.14297808e+03  7.60848042e+00  3.32483923e+03 -8.52165366e+03\n",
      "   1.68122219e+02]\n",
      " [ 1.09902329e+04  5.06824563e+01 -8.52165366e+03  2.52864273e+04\n",
      "  -8.96811655e+02]\n",
      " [-4.94072165e+02 -1.04261168e+01  1.68122219e+02 -8.96811655e+02\n",
      "   3.67315096e+02]]\n",
      "[5547.819413862037, -2.7989695079930907, -4142.978078958834, 10990.232885489535, -494.07216522961767, 5.208260254418963, 7.608480416183696, 50.68245631431674, -10.426116776757201, 3324.8392276658083, -8521.653655909617, 168.12221904300958, 25286.42731937437, -896.8116552992137, 367.3150958511481]\n",
      "   logdet =  28.333665661197024 \n",
      "\n",
      "Eigvals: [3.32234242e+04 8.23979103e+02 4.34939037e+02 4.55435728e+01\n",
      " 3.72339039e+00]\n",
      "\n",
      " Consider M =\n",
      " [[ 5.54782565e+03 -2.80104371e+00 -4.14301825e+03  1.09902325e+04\n",
      "  -4.94051371e+02]\n",
      " [-2.80104371e+00  5.20790421e+00  7.60809650e+00  5.06765819e+01\n",
      "  -1.04253690e+01]\n",
      " [-4.14301825e+03  7.60809650e+00  3.32485246e+03 -8.52172775e+03\n",
      "   1.68138266e+02]\n",
      " [ 1.09902325e+04  5.06765819e+01 -8.52172775e+03  2.52863899e+04\n",
      "  -8.96774091e+02]\n",
      " [-4.94051371e+02 -1.04253690e+01  1.68138266e+02 -8.96774091e+02\n",
      "   3.67303924e+02]]\n",
      "[5547.825653339707, -2.8010437125471723, -4143.018249615954, 10990.232535353949, -494.05137057967147, 5.207904207478431, 7.608096503111611, 50.676581861855844, -10.42536902129467, 3324.852464594548, -8521.727745537497, 168.1382655464488, 25286.389886899382, -896.7740907088513, 367.3039243634235]\n",
      "   logdet =  28.33343152644788 \n",
      "\n",
      "Eigvals: [3.32234440e+04 8.23968823e+02 4.34903992e+02 4.55398745e+01\n",
      " 3.72316525e+00]\n",
      "\n",
      " Consider M =\n",
      " [[ 5.54654648e+03 -2.79930112e+00 -4.14204102e+03  1.09876846e+04\n",
      "  -4.93975110e+02]\n",
      " [-2.79930112e+00  5.20677684e+00  7.60626544e+00  5.06675516e+01\n",
      "  -1.04247510e+01]\n",
      " [-4.14204102e+03  7.60626544e+00  3.32407234e+03 -8.51972789e+03\n",
      "   1.68095684e+02]\n",
      " [ 1.09876846e+04  5.06675516e+01 -8.51972789e+03  2.52805641e+04\n",
      "  -8.96627642e+02]\n",
      " [-4.93975110e+02 -1.04247510e+01  1.68095684e+02 -8.96627642e+02\n",
      "   3.67284408e+02]]\n",
      "[5546.546481489701, -2.799301118227152, -4142.041017566057, 10987.684601491024, -493.97510967524477, 5.206776838539015, 7.606265441708681, 50.66755161409045, -10.424751037197748, 3324.0723396774633, -8519.727890386524, 168.09568429002536, 25280.564105319892, -896.6276419585383, 367.284408000479]\n",
      "   logdet =  28.332513826582783 \n",
      "\n",
      "Eigvals: [3.32157570e+04 8.23788118e+02 4.34874625e+02 4.55320682e+01\n",
      " 3.72231644e+00]\n",
      "\n",
      " Consider M =\n",
      " [[ 5.53002792e+03 -2.77786259e+00 -4.12942371e+03  1.09547636e+04\n",
      "  -4.92940124e+02]\n",
      " [-2.77786259e+00  5.19249440e+00  7.58354672e+00  5.05500891e+01\n",
      "  -1.04131726e+01]\n",
      " [-4.12942371e+03  7.58354672e+00  3.31401591e+03 -8.49392329e+03\n",
      "   1.67533079e+02]\n",
      " [ 1.09547636e+04  5.05500891e+01 -8.49392329e+03  2.52053973e+04\n",
      "  -8.94614483e+02]\n",
      " [-4.92940124e+02 -1.04131726e+01  1.67533079e+02 -8.94614483e+02\n",
      "   3.66937336e+02]]\n",
      "[5530.027919277351, -2.777862592602283, -4129.423711293455, 10954.763556206024, -492.9401235792826, 5.192494396710761, 7.583546719104145, 50.55008912186727, -10.413172593731568, 3314.0159051630576, -8493.9232876729, 167.53307897270727, 25205.39733083668, -894.6144832657311, 366.9373362200636]\n",
      "   logdet =  28.32061907777151 \n",
      "\n",
      "Eigvals: [3.31165320e+04 8.21478751e+02 4.34415072e+02 4.54335341e+01\n",
      " 3.71164131e+00]\n",
      "\n",
      " Consider M =\n",
      " [[ 5.52181638e+03 -2.76711055e+00 -4.12312944e+03  1.09383557e+04\n",
      "  -4.92412437e+02]\n",
      " [-2.76711055e+00  5.18575463e+00  7.57335733e+00  5.04929136e+01\n",
      "  -1.04055124e+01]\n",
      " [-4.12312944e+03  7.57335733e+00  3.30902098e+03 -8.48108059e+03\n",
      "   1.67235364e+02]\n",
      " [ 1.09383557e+04  5.04929136e+01 -8.48108059e+03  2.51680691e+04\n",
      "  -8.93545577e+02]\n",
      " [-4.92412437e+02 -1.04055124e+01  1.67235364e+02 -8.93545577e+02\n",
      "   3.66737001e+02]]\n",
      "[5521.816378392276, -2.7671105473529947, -4123.129435526708, 10938.35574755805, -492.41243714585585, 5.185754629987895, 7.573357329594462, 50.49291364268933, -10.405512428980819, 3309.0209790681574, -8481.080590908432, 167.2353636025553, 25168.069131719283, -893.5455772619646, 366.7370013933981]\n",
      "   logdet =  28.31493760665571 \n",
      "\n",
      "Eigvals: [3.30671890e+04 8.20362459e+02 4.34180304e+02 4.53907968e+01\n",
      " 3.70663803e+00]\n",
      "\n",
      " Consider M =\n",
      " [[ 5.50672119e+03 -2.74074227e+00 -4.11139400e+03  1.09080234e+04\n",
      "  -4.91585719e+02]\n",
      " [-2.74074227e+00  5.17541524e+00  7.55701477e+00  5.04114504e+01\n",
      "  -1.03960692e+01]\n",
      " [-4.11139400e+03  7.55701477e+00  3.29979327e+03 -8.45727640e+03\n",
      "   1.66624816e+02]\n",
      " [ 1.09080234e+04  5.04114504e+01 -8.45727640e+03  2.50997208e+04\n",
      "  -8.91710378e+02]\n",
      " [-4.91585719e+02 -1.03960692e+01  1.66624816e+02 -8.91710378e+02\n",
      "   3.66602334e+02]]\n",
      "[5506.72119253612, -2.7407422680536633, -4111.3940041996275, 10908.023427718557, -491.5857190130425, 5.175415237473933, 7.557014767926657, 50.41145038390642, -10.396069190801946, 3299.7932741001164, -8457.276396903304, 166.62481599994047, 25099.720780089065, -891.7103782191498, 366.60233352680694]\n",
      "   logdet =  28.306530029207813 \n",
      "\n",
      "Eigvals: [3.29764361e+04 8.18464820e+02 4.34066114e+02 4.53471948e+01\n",
      " 3.69879063e+00]\n",
      "\n",
      " Consider M =\n",
      " [[ 5.50559443e+03 -2.73469267e+00 -4.11043129e+03  1.09056969e+04\n",
      "  -4.91612450e+02]\n",
      " [-2.73469267e+00  5.17594773e+00  7.55636362e+00  5.04233369e+01\n",
      "  -1.03991535e+01]\n",
      " [-4.11043129e+03  7.55636362e+00  3.29907551e+03 -8.45539843e+03\n",
      "   1.66555103e+02]\n",
      " [ 1.09056969e+04  5.04233369e+01 -8.45539843e+03  2.50949594e+04\n",
      "  -8.91707532e+02]\n",
      " [-4.91612450e+02 -1.03991535e+01  1.66555103e+02 -8.91707532e+02\n",
      "   3.66727036e+02]]\n",
      "[5505.594430542795, -2.73469266886031, -4110.431290751689, 10905.696917089137, -491.6124503702868, 5.175947728535505, 7.556363615524866, 50.42333690001374, -10.399153522559205, 3299.075510551427, -8455.398429282222, 166.55510344014638, 25094.959397313916, -891.7075321850926, 366.72703580293484]\n",
      "   logdet =  28.30704830282175 \n",
      "\n",
      "Eigvals: [3.29698096e+04 8.18431642e+02 4.34230566e+02 4.53615224e+01\n",
      " 3.69903137e+00]\n",
      "\n",
      " Consider M =\n",
      " [[ 5.48907732e+03 -2.71949430e+00 -4.09768173e+03  1.08721136e+04\n",
      "  -4.90454699e+02]\n",
      " [-2.71949430e+00  5.16794672e+00  7.54017190e+00  5.03337879e+01\n",
      "  -1.03709429e+01]\n",
      " [-4.09768173e+03  7.54017190e+00  3.28914732e+03 -8.42969151e+03\n",
      "   1.65809994e+02]\n",
      " [ 1.08721136e+04  5.03337879e+01 -8.42969151e+03  2.50196777e+04\n",
      "  -8.88821383e+02]\n",
      " [-4.90454699e+02 -1.03709429e+01  1.65809994e+02 -8.88821383e+02\n",
      "   3.66215708e+02]]\n",
      "[5489.077315222444, -2.7194942970572913, -4097.68173377547, 10872.113605160075, -490.45469887823987, 5.167946720515235, 7.540171898404798, 50.33378793487132, -10.370942861703645, 3289.147318986926, -8429.691508604461, 165.80999380347484, 25019.677678694625, -888.8213825448677, 366.21570848544553]\n",
      "   logdet =  28.297966512130103 \n",
      "\n",
      "Eigvals: [3.28700262e+04 8.16451369e+02 4.33802099e+02 4.53131176e+01\n",
      " 3.69321629e+00]\n",
      "\n",
      " Consider M =\n",
      " [[ 5.47144449e+03 -2.72341680e+00 -4.08457581e+03  1.08367381e+04\n",
      "  -4.88693334e+02]\n",
      " [-2.72341680e+00  5.15101188e+00  7.52067534e+00  5.01284262e+01\n",
      "  -1.03207011e+01]\n",
      " [-4.08457581e+03  7.52067534e+00  3.27869834e+03 -8.40279020e+03\n",
      "   1.65178165e+02]\n",
      " [ 1.08367381e+04  5.01284262e+01 -8.40279020e+03  2.49373136e+04\n",
      "  -8.85078560e+02]\n",
      " [-4.88693334e+02 -1.03207011e+01  1.65178165e+02 -8.85078560e+02\n",
      "   3.64858997e+02]]\n",
      "[5471.4444856775, -2.7234168033699944, -4084.5758068127016, 10836.73809831175, -488.6933335477165, 5.151011884082778, 7.52067533916118, 50.12842616737838, -10.320701081566824, 3278.6983422914172, -8402.790198590235, 165.1781645793697, 24937.313571351417, -885.0785603331934, 364.8589970303904]\n",
      "   logdet =  28.281365488168447 \n",
      "\n",
      "Eigvals: [3.27626886e+04 8.13641116e+02 4.32288076e+02 4.51670921e+01\n",
      " 3.68157086e+00]\n"
     ]
    },
    {
     "name": "stdout",
     "output_type": "stream",
     "text": [
      "\n",
      " Consider M =\n",
      " [[ 5.46930705e+03 -2.72342363e+00 -4.08298286e+03  1.08324567e+04\n",
      "  -4.88486513e+02]\n",
      " [-2.72342363e+00  5.14906086e+00  7.51822046e+00  5.01057380e+01\n",
      "  -1.03151881e+01]\n",
      " [-4.08298286e+03  7.51822046e+00  3.27742831e+03 -8.39952467e+03\n",
      "   1.65104118e+02]\n",
      " [ 1.08324567e+04  5.01057380e+01 -8.39952467e+03  2.49274125e+04\n",
      "  -8.84651792e+02]\n",
      " [-4.88486513e+02 -1.03151881e+01  1.65104118e+02 -8.84651792e+02\n",
      "   3.64703176e+02]]\n",
      "[5469.307052606059, -2.7234236331775676, -4082.9828560525516, 10832.456746185575, -488.4865134302867, 5.149060857787661, 7.5182204646396515, 50.10573804427166, -10.31518809981573, 3277.428308142431, -8399.52467192802, 165.10411837939054, 24927.412456322716, -884.6517917632074, 364.703175582974]\n",
      "   logdet =  28.27943465618685 \n",
      "\n",
      "Eigvals: [3.27497425e+04 8.13314372e+02 4.32112089e+02 4.51509141e+01\n",
      " 3.68021442e+00]\n",
      "\n",
      " Consider M =\n",
      " [[ 5.46823669e+03 -2.72329563e+00 -4.08217216e+03  1.08302832e+04\n",
      "  -4.88392922e+02]\n",
      " [-2.72329563e+00  5.14844176e+00  7.51710232e+00  5.00977181e+01\n",
      "  -1.03125119e+01]\n",
      " [-4.08217216e+03  7.51710232e+00  3.27679227e+03 -8.39788407e+03\n",
      "   1.65059849e+02]\n",
      " [ 1.08302832e+04  5.00977181e+01 -8.39788407e+03  2.49225102e+04\n",
      "  -8.84432033e+02]\n",
      " [-4.88392922e+02 -1.03125119e+01  1.65059849e+02 -8.84432033e+02\n",
      "   3.64642690e+02]]\n",
      "[5468.236685352943, -2.7232956297443947, -4082.1721606137717, 10830.283165574736, -488.39292213068956, 5.148441761514509, 7.5171023157888746, 50.09771806444418, -10.312511859488824, 3276.7922655685757, -8397.884065591372, 165.05984927310618, 24922.510166753367, -884.432033436563, 364.6426896839147]\n",
      "   logdet =  28.278696825222312 \n",
      "\n",
      "Eigvals: [3.27432755e+04 8.13178738e+02 4.32050526e+02 4.51457154e+01\n",
      " 3.67978778e+00]\n",
      "\n",
      " Consider M =\n",
      " [[ 5.47137037e+03 -2.73006878e+00 -4.08441969e+03  1.08360231e+04\n",
      "  -4.88691244e+02]\n",
      " [-2.73006878e+00  5.15567374e+00  7.52309084e+00  5.01529640e+01\n",
      "  -1.03119303e+01]\n",
      " [-4.08441969e+03  7.52309084e+00  3.27872681e+03 -8.40276702e+03\n",
      "   1.65049626e+02]\n",
      " [ 1.08360231e+04  5.01529640e+01 -8.40276702e+03  2.49370097e+04\n",
      "  -8.84524411e+02]\n",
      " [-4.88691244e+02 -1.03119303e+01  1.65049626e+02 -8.84524411e+02\n",
      "   3.64922823e+02]]\n",
      "[5471.370373038318, -2.730068782804111, -4084.419690156328, 10836.023136373555, -488.69124436770846, 5.155673742366643, 7.523090843508097, 50.15296399827503, -10.311930298548065, 3278.7268060521656, -8402.767015196741, 165.0496261296189, 24937.00974480354, -884.5244111118583, 364.92282306132955]\n",
      "   logdet =  28.2837002375142 \n",
      "\n",
      "Eigvals: [3.27618834e+04 8.13941854e+02 4.32481845e+02 4.51931807e+01\n",
      " 3.68512234e+00]\n",
      "\n",
      " Consider M =\n",
      " [[ 5.46648231e+03 -2.73441094e+00 -4.08080365e+03  1.08261195e+04\n",
      "  -4.88158597e+02]\n",
      " [-2.73441094e+00  5.15126900e+00  7.51839292e+00  5.00906236e+01\n",
      "  -1.02940155e+01]\n",
      " [-4.08080365e+03  7.51839292e+00  3.27585973e+03 -8.39536818e+03\n",
      "   1.64855388e+02]\n",
      " [ 1.08261195e+04  5.00906236e+01 -8.39536818e+03  2.49139310e+04\n",
      "  -8.83290900e+02]\n",
      " [-4.88158597e+02 -1.02940155e+01  1.64855388e+02 -8.83290900e+02\n",
      "   3.64494580e+02]]\n",
      "[5466.482314309179, -2.734410937870492, -4080.803649418572, 10826.119532403027, -488.1585965419942, 5.151269001523748, 7.51839291941515, 50.09062357877299, -10.294015473480941, 3275.8597323134863, -8395.36817776169, 164.8553879787191, 24913.93101844008, -883.290900229029, 364.49458020734]\n",
      "   logdet =  28.27904149279621 \n",
      "\n",
      "Eigvals: [3.27319015e+04 8.13161960e+02 4.32022106e+02 4.51511574e+01\n",
      " 3.68220978e+00]\n",
      "\n",
      " Consider M =\n",
      " [[ 5.46605991e+03 -2.73433666e+00 -4.08048904e+03  1.08252758e+04\n",
      "  -4.88117936e+02]\n",
      " [-2.73433666e+00  5.15089480e+00  7.51798952e+00  5.00859839e+01\n",
      "  -1.02929440e+01]\n",
      " [-4.08048904e+03  7.51798952e+00  3.27560853e+03 -8.39472107e+03\n",
      "   1.64840674e+02]\n",
      " [ 1.08252758e+04  5.00859839e+01 -8.39472107e+03  2.49119673e+04\n",
      "  -8.83207163e+02]\n",
      " [-4.88117936e+02 -1.02929440e+01  1.64840674e+02 -8.83207163e+02\n",
      "   3.64464180e+02]]\n",
      "[5466.059911488748, -2.7343366648638816, -4080.489040257649, 10825.275768737962, -488.11793647996353, 5.15089480356935, 7.517989519012362, 50.085983885628316, -10.292943990953153, 3275.608531657525, -8394.721072712236, 164.84067372965401, 24911.967335494643, -883.2071632033148, 364.4641795361934]\n",
      "   logdet =  28.278657177499326 \n",
      "\n",
      "Eigvals: [3.27293385e+04 8.13094978e+02 4.31987635e+02 4.51478098e+01\n",
      " 3.68195315e+00]\n",
      "\n",
      " Consider M =\n",
      " [[ 5.46349771e+03 -2.73409353e+00 -4.07859228e+03  1.08201731e+04\n",
      "  -4.87859913e+02]\n",
      " [-2.73409353e+00  5.14843459e+00  7.51607501e+00  5.00530618e+01\n",
      "  -1.02858068e+01]\n",
      " [-4.07859228e+03  7.51607501e+00  3.27408799e+03 -8.39079496e+03\n",
      "   1.64750956e+02]\n",
      " [ 1.08201731e+04  5.00530618e+01 -8.39079496e+03  2.48998985e+04\n",
      "  -8.82671696e+02]\n",
      " [-4.87859913e+02 -1.02858068e+01  1.64750956e+02 -8.82671696e+02\n",
      "   3.64264216e+02]]\n",
      "[5463.497705650809, -2.734093529725685, -4078.592282492175, 10820.173088680724, -487.85991337087756, 5.148434594232411, 7.516075005398265, 50.05306178832603, -10.285806829159414, 3274.0879878714677, -8390.794956039981, 164.7509564453419, 24899.898502706175, -882.6716960910433, 364.26421637939205]\n",
      "   logdet =  28.276123527810533 \n",
      "\n",
      "Eigvals: [3.27136841e+04 8.12648594e+02 4.31759987e+02 4.51238864e+01\n",
      " 3.68030054e+00]\n",
      "\n",
      " Consider M =\n",
      " [[ 5.45769684e+03 -2.73655342e+00 -4.07437956e+03  1.08086790e+04\n",
      "  -4.87187974e+02]\n",
      " [-2.73655342e+00  5.14139034e+00  7.51464502e+00  4.99452498e+01\n",
      "  -1.02643036e+01]\n",
      " [-4.07437956e+03  7.51464502e+00  3.27067495e+03 -8.38192928e+03\n",
      "   1.64541453e+02]\n",
      " [ 1.08086790e+04  4.99452498e+01 -8.38192928e+03  2.48714749e+04\n",
      "  -8.81223308e+02]\n",
      " [-4.87187974e+02 -1.02643036e+01  1.64541453e+02 -8.81223308e+02\n",
      "   3.63694669e+02]]\n",
      "[5457.696835713419, -2.736553424274653, -4074.3795618190807, 10808.679013331572, -487.1879744041235, 5.141390343486505, 7.514645019251826, 49.94524983759227, -10.264303566338544, 3270.674951931958, -8381.92927962554, 164.54145319687646, 24871.474884330906, -881.223307900361, 363.6946692412573]\n",
      "   logdet =  28.268978489401142 \n",
      "\n",
      "Eigvals: [3.26774706e+04 8.11380813e+02 4.31109958e+02 4.50456314e+01\n",
      " 3.67576271e+00]\n",
      "\n",
      " Consider M =\n",
      " [[ 5.45902646e+03 -2.73765672e+00 -4.07539520e+03  1.08113548e+04\n",
      "  -4.87292684e+02]\n",
      " [-2.73765672e+00  5.14212312e+00  7.51689748e+00  4.99499951e+01\n",
      "  -1.02662335e+01]\n",
      " [-4.07539520e+03  7.51689748e+00  3.27147177e+03 -8.38397124e+03\n",
      "   1.64587529e+02]\n",
      " [ 1.08113548e+04  4.99499951e+01 -8.38397124e+03  2.48773501e+04\n",
      "  -8.81424171e+02]\n",
      " [-4.87292684e+02 -1.02662335e+01  1.64587529e+02 -8.81424171e+02\n",
      "   3.63760390e+02]]\n",
      "[5459.026460699111, -2.7376567217019825, -4075.3951992722214, 10811.354796603702, -487.2926835514121, 5.142123117168569, 7.516897480431003, 49.94999507817084, -10.266233515766526, 3271.47177415156, -8383.971244898992, 164.5875290034757, 24877.350106263675, -881.4241706665957, 363.7603902406439]\n",
      "   logdet =  28.269756490208707 \n",
      "\n",
      "Eigvals: [3.26853259e+04 8.11519567e+02 4.31181255e+02 4.50478453e+01\n",
      " 3.67632196e+00]\n",
      "\n",
      " Consider M =\n",
      " [[ 5.45994160e+03 -2.73891203e+00 -4.07611556e+03  1.08132186e+04\n",
      "  -4.87336116e+02]\n",
      " [-2.73891203e+00  5.14255373e+00  7.51917162e+00  4.99498176e+01\n",
      "  -1.02664812e+01]\n",
      " [-4.07611556e+03  7.51917162e+00  3.27202660e+03 -8.38539441e+03\n",
      "   1.64625086e+02]\n",
      " [ 1.08132186e+04  4.99498176e+01 -8.38539441e+03  2.48813683e+04\n",
      "  -8.81525011e+02]\n",
      " [-4.87336116e+02 -1.02664812e+01  1.64625086e+02 -8.81525011e+02\n",
      "   3.63758470e+02]]\n",
      "[5459.94160092283, -2.738912027975144, -4076.115555800278, 10813.218621938931, -487.336115680878, 5.14255372983132, 7.519171621594459, 49.94981755948193, -10.266481208829381, 3272.0266001058103, -8385.394414095867, 164.6250864732122, 24881.36826295078, -881.5250107207868, 363.7584700653047]\n",
      "   logdet =  28.270051192019874 \n",
      "\n",
      "Eigvals: [3.26907404e+04 8.11600998e+02 4.31173913e+02 4.50454558e+01\n",
      " 3.67668517e+00]\n",
      "\n",
      " Consider M =\n",
      " [[ 5.45960808e+03 -2.74559203e+00 -4.07608405e+03  1.08127685e+04\n",
      "  -4.86979972e+02]\n",
      " [-2.74559203e+00  5.14134706e+00  7.51991096e+00  4.99244231e+01\n",
      "  -1.02544966e+01]\n",
      " [-4.07608405e+03  7.51991096e+00  3.27192840e+03 -8.38519383e+03\n",
      "   1.64691528e+02]\n",
      " [ 1.08127685e+04  4.99244231e+01 -8.38519383e+03  2.48799649e+04\n",
      "  -8.81103168e+02]\n",
      " [-4.86979972e+02 -1.02544966e+01  1.64691528e+02 -8.81103168e+02\n",
      "   3.63189366e+02]]\n",
      "[5459.608080488505, -2.7455920315010296, -4076.0840512476107, 10812.768475182498, -486.9799720334207, 5.141347059717298, 7.519910959492516, 49.92442310492428, -10.254496595763376, 3271.9283951466955, -8385.193834909223, 164.69152801060415, 24879.964876532456, -881.1031684339479, 363.18936617657926]\n",
      "   logdet =  28.267647858327493 \n",
      "\n",
      "Eigvals: [3.26891716e+04 8.11457321e+02 4.30501718e+02 4.50254062e+01\n",
      " 3.67604953e+00]\n"
     ]
    },
    {
     "name": "stdout",
     "output_type": "stream",
     "text": [
      "\n",
      " Consider M =\n",
      " [[ 5.45932329e+03 -2.75016074e+00 -4.07598020e+03  1.08122868e+04\n",
      "  -4.86771340e+02]\n",
      " [-2.75016074e+00  5.14051285e+00  7.52093528e+00  4.99060257e+01\n",
      "  -1.02455352e+01]\n",
      " [-4.07598020e+03  7.52093528e+00  3.27181271e+03 -8.38490790e+03\n",
      "   1.64708574e+02]\n",
      " [ 1.08122868e+04  4.99060257e+01 -8.38490790e+03  2.48786366e+04\n",
      "  -8.80787539e+02]\n",
      " [-4.86771340e+02 -1.02455352e+01  1.64708574e+02 -8.80787539e+02\n",
      "   3.62853366e+02]]\n",
      "[5459.323290828241, -2.750160744434096, -4075.980203143716, 10812.286774164879, -486.771339792321, 5.14051285486464, 7.520935277144455, 49.90602569378288, -10.245535183045952, 3271.812705007464, -8384.907901695022, 164.7085743681753, 24878.63661222969, -880.787538684246, 362.85336575422815]\n",
      "   logdet =  28.2661401014533 \n",
      "\n",
      "Eigvals: [3.26875906e+04 8.11365284e+02 4.30125907e+02 4.50090226e+01\n",
      " 3.67565005e+00]\n",
      "\n",
      " Consider M =\n",
      " [[ 5.45471428e+03 -2.84075633e+00 -4.07379552e+03  1.08033962e+04\n",
      "  -4.83671537e+02]\n",
      " [-2.84075633e+00  5.12921219e+00  7.53141238e+00  4.96321267e+01\n",
      "  -1.00706909e+01]\n",
      " [-4.07379552e+03  7.53141238e+00  3.26991536e+03 -8.37995869e+03\n",
      "   1.64614523e+02]\n",
      " [ 1.08033962e+04  4.96321267e+01 -8.37995869e+03  2.48569940e+04\n",
      "  -8.74825403e+02]\n",
      " [-4.83671537e+02 -1.00706909e+01  1.64614523e+02 -8.74825403e+02\n",
      "   3.57656511e+02]]\n",
      "[5454.714280908848, -2.840756331785739, -4073.795518578281, 10803.396217129211, -483.67153714627307, 5.12921219027031, 7.53141237562739, 49.632126658041905, -10.070690853613405, 3269.9153641451157, -8379.958686334734, 164.61452300287104, 24856.994023433017, -874.8254029292831, 357.65651129934963]\n",
      "   logdet =  28.244748383217342 \n",
      "\n",
      "Eigvals: [3.26608159e+04 8.10407048e+02 4.24764587e+02 4.47501766e+01\n",
      " 3.67168208e+00]\n",
      "\n",
      " Consider M =\n",
      " [[ 5.45481370e+03 -2.84660878e+00 -4.07394291e+03  1.08036021e+04\n",
      "  -4.83524513e+02]\n",
      " [-2.84660878e+00  5.12861122e+00  7.53255375e+00  4.96160037e+01\n",
      "  -1.00607712e+01]\n",
      " [-4.07394291e+03  7.53255375e+00  3.27002467e+03 -8.38022902e+03\n",
      "   1.64616828e+02]\n",
      " [ 1.08036021e+04  4.96160037e+01 -8.38022902e+03  2.48572862e+04\n",
      "  -8.74523147e+02]\n",
      " [-4.83524513e+02 -1.00607712e+01  1.64616828e+02 -8.74523147e+02\n",
      "   3.57382022e+02]]\n",
      "[5454.813699139452, -2.8466087808973555, -4073.9429133050535, 10803.602102736815, -483.5245132392682, 5.1286112236238495, 7.532553746756536, 49.61600371180376, -10.060771218084108, 3270.024673217837, -8380.229023124226, 164.61682800068888, 24857.286212817096, -874.5231467003279, 357.3820217440637]\n",
      "   logdet =  28.243726979446393 \n",
      "\n",
      "Eigvals: [3.26613582e+04 8.10382097e+02 4.24486960e+02 4.47364645e+01\n",
      " 3.67150975e+00]\n",
      "\n",
      " Consider M =\n",
      " [[ 5.46112154e+03 -2.85753652e+00 -4.07883451e+03  1.08162566e+04\n",
      "  -4.83866009e+02]\n",
      " [-2.85753652e+00  5.12988957e+00  7.54206833e+00  4.96099662e+01\n",
      "  -1.00620610e+01]\n",
      " [-4.07883451e+03  7.54206833e+00  3.27386036e+03 -8.39005478e+03\n",
      "   1.64846031e+02]\n",
      " [ 1.08162566e+04  4.96099662e+01 -8.39005478e+03  2.48843581e+04\n",
      "  -8.75177095e+02]\n",
      " [-4.83866009e+02 -1.00620610e+01  1.64846031e+02 -8.75177095e+02\n",
      "   3.57466682e+02]]\n",
      "[5461.121541041301, -2.857536518180569, -4078.834507812148, 10816.256632163953, -483.8660092917623, 5.129889568193434, 7.542068334833871, 49.60996623395933, -10.062060981671486, 3273.860355465472, -8390.054784308395, 164.8460313905933, 24884.358090978538, -875.1770946018506, 357.466681742355]\n",
      "   logdet =  28.246343262806885 \n",
      "\n",
      "Eigvals: [3.26980683e+04 8.10870478e+02 4.24572955e+02 4.47521054e+01\n",
      " 3.67275222e+00]\n",
      "\n",
      " Consider M =\n",
      " [[ 5.46999037e+03 -2.88607133e+00 -4.08586719e+03  1.08340254e+04\n",
      "  -4.84012728e+02]\n",
      " [-2.88607133e+00  5.12993170e+00  7.55788236e+00  4.95587045e+01\n",
      "  -1.00413849e+01]\n",
      " [-4.08586719e+03  7.55788236e+00  3.27936310e+03 -8.40411832e+03\n",
      "   1.65156914e+02]\n",
      " [ 1.08340254e+04  4.95587045e+01 -8.40411832e+03  2.49217545e+04\n",
      "  -8.75359716e+02]\n",
      " [-4.84012728e+02 -1.00413849e+01  1.65156914e+02 -8.75359716e+02\n",
      "   3.57002702e+02]]\n",
      "[5469.9903687046635, -2.8860713333189754, -4085.867188693083, 10834.025382261392, -484.01272806198676, 5.129931703776348, 7.557882361855726, 49.55870447594043, -10.041384901194816, 3279.363100670981, -8404.118317419428, 165.1569143901054, 24921.75450023349, -875.3597156921504, 357.0027019760276]\n",
      "   logdet =  28.247595479583726 \n",
      "\n",
      "Eigvals: [3.27492922e+04 8.11424863e+02 4.24106242e+02 4.47435063e+01\n",
      " 3.67383745e+00]\n",
      "\n",
      " Consider M =\n",
      " [[ 5.52633633e+03 -2.96715963e+00 -4.12918308e+03  1.09466026e+04\n",
      "  -4.87628074e+02]\n",
