{
 "cells": [
  {
   "cell_type": "code",
   "execution_count": 1,
   "id": "597f749d",
   "metadata": {},
   "outputs": [],
   "source": [
    "import numpy as np\n",
    "import pandas as pd\n",
    "import pyomo.environ as pyo\n",
    "from measure_optimize import MeasurementOptimizer, DataProcess \n",
    "import matplotlib.pyplot as plt"
   ]
  },
  {
   "cell_type": "markdown",
   "id": "e70ab310",
   "metadata": {},
   "source": [
    "## Input Setting\n",
    "\n",
    "### All measurements and index\n",
    "\n",
    "- ads.gas_inlet.F (0)\n",
    "- ads.gas_outlet.F (1)\n",
    "- ads.gas_outlet.T (2)\n",
    "- ads.gas_outlet.z (3)\n",
    "- des.gas_inlet.F (4)\n",
    "- des.gas_outlet.F (5)\n",
    "- des.gas_outlet.T (6)\n",
    "- des.gas_outlet.z (7)\n",
    "- ads.T19 (8)\n",
    "- ads.T23 (9)\n",
    "- ads.T28 (10)\n",
    "- ads.z19 (11)\n",
    "- ads.z23 (12)\n",
    "- ads.z28 (13)\n",
    "\n",
    "One-time cost ones: 0,1,2, 4,5,6, 8,9,10\n",
    "\n",
    "Time-cost ones: 3,7,11,12,13"
   ]
  },
  {
   "cell_type": "code",
   "execution_count": 2,
   "id": "d1e2f0c8",
   "metadata": {},
   "outputs": [],
   "source": [
    "all_names = ['Ads.gas_inlet.F', 'Ads.gas_outlet.F', 'Ads.gas_outlet.T', \n",
    "             'Ads.gas_outlet.z(\"CO2\")', 'Des.gas_inlet.F', 'Des.gas_outlet.F', \n",
    "             'Des.gas_outlet.T', 'Des.gas_outlet.z(\"CO2\")', 'Ads.T_g.Value(19,10)', \n",
    "             'Ads.T_g.Value(23,10)', 'Ads.T_g.Value(28,10)', 'Ads.z(\"CO2\",19,10)', \n",
    "             'Ads.z(\"CO2\",23,10)', 'Ads.z(\"CO2\",28,10)']"
   ]
  },
  {
   "cell_type": "code",
   "execution_count": 3,
   "id": "960e0d05",
   "metadata": {},
   "outputs": [],
   "source": [
    "Nt = 22\n",
    "static_ind = [0,1,2,4,5,6,8,9,10]\n",
    "dynamic_ind = [3,7,11,12,13]"
   ]
  },
  {
   "cell_type": "code",
   "execution_count": 4,
   "id": "44e72140",
   "metadata": {},
   "outputs": [
    {
     "name": "stdout",
     "output_type": "stream",
     "text": [
      "jacobian shape: (308, 5)\n"
     ]
    }
   ],
   "source": [
    "dataObject = DataProcess()\n",
    "dataObject.read_jaco('./RotaryBed/Q'+str(Nt)+'_scale.csv')\n",
    "Q = dataObject.stack_Q(static_ind, dynamic_ind, Nt)\n"
   ]
  },
  {
   "cell_type": "code",
   "execution_count": 5,
   "id": "4c0de7eb",
   "metadata": {},
   "outputs": [
    {
     "name": "stdout",
     "output_type": "stream",
     "text": [
      "['Ads.gas_inlet.F', 'Ads.gas_outlet.F', 'Ads.gas_outlet.T', 'Des.gas_inlet.F', 'Des.gas_outlet.F', 'Des.gas_outlet.T', 'Ads.T_g.Value(19,10)', 'Ads.T_g.Value(23,10)', 'Ads.T_g.Value(28,10)', 'Ads.gas_outlet.z(\"CO2\")', 'Des.gas_outlet.z(\"CO2\")', 'Ads.z(\"CO2\",19,10)', 'Ads.z(\"CO2\",23,10)', 'Ads.z(\"CO2\",28,10)']\n"
     ]
    }
   ],
   "source": [
    "static_name = [all_names[i] for i in static_ind]\n",
    "dynamic_name = [all_names[i] for i in dynamic_ind]\n",
    "static_idx_upd = [0,1,2,3,4,5,6,7,8]\n",
    "dynamic_idx_upd = [9,10,11,12,13]\n",
    "\n",
    "num_param = 5\n",
    "\n",
    "measure_names = static_name + dynamic_name\n",
    "print(measure_names)"
   ]
  },
  {
   "cell_type": "code",
   "execution_count": 6,
   "id": "7df09b33",
   "metadata": {
    "scrolled": true
   },
   "outputs": [
    {
     "name": "stdout",
     "output_type": "stream",
     "text": [
      "(14161, 5, 5)\n"
     ]
    }
   ],
   "source": [
    "calculator = MeasurementOptimizer(Q, static_idx_upd, dynamic_idx_upd, \n",
    "                                  num_param, measure_names=measure_names, verbose=True)\n",
    "\n",
    "fim_expect = calculator.fim_computation()\n",
    "\n",
    "print(np.shape(calculator.fim_collection))"
   ]
  },
  {
   "cell_type": "code",
   "execution_count": 7,
   "id": "b664d275",
   "metadata": {},
   "outputs": [
    {
     "name": "stdout",
     "output_type": "stream",
     "text": [
      "[[0.]\n",
      " [0.]\n",
      " [0.]\n",
      " [0.]\n",
      " [0.]\n",
      " [0.]\n",
      " [0.]\n",
      " [0.]\n",
      " [0.]\n",
      " [0.]\n",
      " [0.]\n",
      " [0.]\n",
      " [0.]\n",
      " [0.]\n",
      " [0.]\n",
      " [0.]\n",
      " [0.]\n",
      " [0.]\n",
      " [0.]\n",
      " [0.]\n",
      " [0.]\n",
      " [0.]]\n",
      "[[-0.539636670963493, -0.0022541710490597, -0.0498629482614828, 1.9351604614661069, 0.5513282116769436], [-0.3340760407153356, 0.1021652968364613, 0.1016944838159672, 2.3403863441379817, 0.221939518269873], [-0.3494661138571784, 0.1120662029219454, 0.2550896605274281, 2.0027607969742065, 0.1809770476947275], [-0.4678795656821666, 0.0789891670526334, 0.3012354877648384, 1.6852339585553322, 0.3702798007923669], [-0.3487072812830348, 0.1544493767900593, 0.3679533495956177, 2.016853552909431, 0.1889221494208309], [-0.2149867536290262, 0.1729367514893193, 0.4172631902483755, 2.2827109973126425, -0.0128215863177127], [-0.0597343516865485, 0.1787397054563655, 0.4592339471516512, 2.0431098799382568, -0.2109020116805193], [-0.2295705671608305, 0.0878631069081999, 0.393229772557104, 0.9576582753596296, 0.0872533926070839], [-0.1234288608689441, 0.0230056295989378, 0.2488746341753963, 0.0171017989587185, 0.1123494474589759], [0.1270096020777766, 0.006217309067937, -0.0404303819511638, 0.020863102737878, -0.054878292459437], [0.6228711189271227, 0.1007715569529813, -0.3705939923714115, 1.9146128229161172, -0.7305925428322313], [0.8902528904408135, 0.1418125375048401, -0.5348074781102571, 3.0324662395681488, -1.0809144383908311], [0.9497738204656938, 0.1048913172343131, -0.5364846431161072, 3.1573961246202, -1.1274432377196233], [0.8257521216485774, 0.0199921379586409, -0.4814415149964515, 2.570984598917521, -0.933382938679156], [0.6673695353383599, -0.0419252024411037, -0.3994507463029047, 1.7741159935130029, -0.6622503953529791], [0.4478416430242706, -0.0834182067396304, -0.3125236408901467, 1.131654974876083, -0.4173557179049145], [0.2097816364414143, -0.0156741216485223, -0.0904836468086717, 0.5054585617765798, -0.1784079728857935], [-0.1885698946456751, -0.0391297924330287, 0.0251158433333236, -0.0250794029428694, 0.2105927711938127], [-0.5983394846201436, -0.1114337661898122, 0.0658435949660612, -0.0593740001447185, 0.5993318502476114], [-0.8085598211431271, -0.0701766865658463, 0.0930410260726821, 0.114489233753573, 0.7283089207795412], [-1.052382212584798, -0.0603412049700287, 0.08464925364934, 0.2321937755761727, 0.8536940441235874], [-1.1144049187529168, -0.0551766354161135, 0.089145483239796, -0.139750635266167, 0.9296482651135418]]\n"
     ]
    }
   ],
   "source": [
    "print(calculator.Sigma_inv[(9,0)])\n",
    "print(calculator.Q_dynamic_flatten[0])"
   ]
  },
  {
   "cell_type": "code",
   "execution_count": 8,
   "id": "b92dcded",
   "metadata": {},
   "outputs": [
    {
     "name": "stdout",
     "output_type": "stream",
     "text": [
      "[22, 23, 24, 25, 26, 27, 28, 29, 30, 31, 32, 33, 34, 35, 36, 37, 38, 39, 40, 41, 42, 43]\n"
     ]
    }
   ],
   "source": [
    "print(calculator.dynamic_to_flatten[1])"
   ]
  },
  {
   "cell_type": "markdown",
   "id": "51fe1c2d",
   "metadata": {},
   "source": [
    "### Set up grey-box "
   ]
  },
  {
   "cell_type": "code",
   "execution_count": 9,
   "id": "3558af3a",
   "metadata": {},
   "outputs": [],
   "source": [
    "from greybox_generalize import LogDetModel"
   ]
  },
  {
   "cell_type": "code",
   "execution_count": 10,
   "id": "90168a73",
   "metadata": {},
   "outputs": [],
   "source": [
    "def build_model_external(m):\n",
    "    ex_model = LogDetModel(num_para=5)\n",
    "    m.egb = ExternalGreyBoxBlock()\n",
    "    m.egb.set_external_model(ex_model)"
   ]
  },
  {
   "cell_type": "markdown",
   "id": "838bb087",
   "metadata": {},
   "source": [
    "### Reform the inputs"
   ]
  },
  {
   "cell_type": "code",
   "execution_count": 13,
   "id": "eb766d40",
   "metadata": {},
   "outputs": [],
   "source": [
    "num_static = len(static_ind)\n",
    "num_dynamic  = len(dynamic_ind)\n",
    "num_total = num_static + num_dynamic*Nt"
   ]
  },
  {
   "cell_type": "code",
   "execution_count": 15,
   "id": "2ff6b7b6",
   "metadata": {},
   "outputs": [],
   "source": [
    "cost = [1000, #ads.gas_inlet.F (0)\n",
    "        1000, #ads.gas_outlet.F (1)\n",
    "         200, #ads.gas_outlet.T (2)\n",
    "        1000, #des.gas_inlet.F (4)\n",
    "        1000, #des.gas_outlet.F (5)\n",
    "         200, #des.gas_outlet.T (6)\n",
    "         600, #ads.T19 (8)\n",
    "         600, #ads.T23 (9)\n",
    "         600 #ads.T28 (10)\n",
    "       ]\n",
    "\n",
    "for i in range(Nt*num_dynamic):\n",
    "    cost.append(10)\n"
   ]
  },
  {
   "cell_type": "code",
   "execution_count": 16,
   "id": "e3a967c0",
   "metadata": {},
   "outputs": [
    {
     "name": "stdout",
     "output_type": "stream",
     "text": [
      "[[1. 0. 0. 0. 0.]\n",
      " [0. 1. 0. 0. 0.]\n",
      " [0. 0. 1. 0. 0.]\n",
      " [0. 0. 0. 1. 0.]\n",
      " [0. 0. 0. 0. 1.]]\n"
     ]
    }
   ],
   "source": [
    "#print(np.shape(ans_y))\n",
    "\n",
    "init_y = np.random.rand(num_total)\n",
    "\n",
    "update_y = [] \n",
    "\n",
    "for i in init_y:\n",
    "    if i > 0.5: \n",
    "        update_y.append(1)\n",
    "    else:\n",
    "        update_y.append(0)\n",
    "\n",
    "init_cov_y = [[0]*num_total for i in range(num_total)]\n",
    "\n",
    "for j in range(num_total):\n",
    "    for k in range(num_total):\n",
    "        if j==k:\n",
    "            init_cov_y[j][k] = update_y[k]\n",
    "            \n",
    "        else:\n",
    "            init_cov_y[j][k] = min(update_y[k], update_y[j])\n",
    "\n",
    "fim_prior = np.identity((5))\n",
    "print(fim_prior)"
   ]
  },
  {
   "cell_type": "code",
   "execution_count": 17,
   "id": "de6f6f7b",
   "metadata": {},
   "outputs": [],
   "source": [
    "mip_option = False\n",
    "objective = \"D\"\n",
    "budget_opt = 5000\n",
    "sparse_opt = False\n",
    "fix_opt = False"
   ]
  },
  {
   "cell_type": "code",
   "execution_count": 18,
   "id": "6678f339",
   "metadata": {},
   "outputs": [],
   "source": [
    "mod = calculator.continuous_optimization(cost, mixed_integer=mip_option, \n",
    "                  obj=objective, fix=fix_opt, sparse=sparse_opt, budget=budget_opt,\n",
    "                                        initial_fim = fim_prior)"
   ]
  },
  {
   "cell_type": "code",
   "execution_count": 19,
   "id": "e3dacab3",
   "metadata": {
    "scrolled": true
   },
   "outputs": [
    {
     "name": "stdout",
     "output_type": "stream",
     "text": [
      "\n",
      " Consider M =\n",
      " [[1. 0. 0. 0. 0.]\n",
      " [0. 1. 0. 0. 0.]\n",
      " [0. 0. 1. 0. 0.]\n",
      " [0. 0. 0. 1. 0.]\n",
      " [0. 0. 0. 0. 1.]]\n",
      "   logdet =  0.0 \n",
      "\n",
      "\n",
      " Consider M =\n",
      " [[ 1.08580694  0.00608449 -0.09632441 -0.05093109 -0.12128496]\n",
      " [ 0.00608449  0.95556401  0.0044767  -0.0043866  -0.00548779]\n",
      " [-0.09632441  0.0044767   0.96992282  0.03952859  0.1280515 ]\n",
      " [-0.05093109 -0.0043866   0.03952859  1.01231402 -0.02707322]\n",
      " [-0.12128496 -0.00548779  0.1280515  -0.02707322  1.01945027]]\n",
      "   logdet =  -0.0038353289796222746 \n",
      "\n",
      "\n",
      " Consider M =\n",
      " [[ 1.98417920e+00  3.78911470e-02  5.25936821e-01 -1.02106721e-01\n",
      "  -1.72979489e+00]\n",
      " [ 3.78911470e-02  9.24304327e-01  4.87975245e-03  3.45422359e-01\n",
      "  -5.70574199e-02]\n",
      " [ 5.25936821e-01  4.87975245e-03  1.24321945e+00  3.31475612e-02\n",
      "  -4.64114725e-01]\n",
      " [-1.02106721e-01  3.45422359e-01  3.31475612e-02  9.37166181e+00\n",
      "  -1.18942406e+00]\n",
      " [-1.72979489e+00 -5.70574199e-02 -4.64114725e-01 -1.18942406e+00\n",
      "   3.23986683e+00]]\n",
      "   logdet =  3.3697475823545755 \n",
      "\n",
      "\n",
      " Consider M =\n",
      " [[ 1.96024821e+00  3.89452508e-02  5.65584979e-01 -1.97124317e-01\n",
      "  -1.76153922e+00]\n",
      " [ 3.89452508e-02  9.22078589e-01  4.70820338e-03  3.58617235e-01\n",
      "  -5.89966098e-02]\n",
      " [ 5.65584979e-01  4.70820338e-03  1.22095622e+00  7.55518532e-02\n",
      "  -4.65104037e-01]\n",
      " [-1.97124317e-01  3.58617235e-01  7.55518532e-02  9.63147403e+00\n",
      "  -1.22205496e+00]\n",
      " [-1.76153922e+00 -5.89966098e-02 -4.65104037e-01 -1.22205496e+00\n",
      "   3.28411242e+00]]\n",
      "   logdet =  3.2940853794133194 \n",
      "\n",
      "\n",
      " Consider M =\n",
      " [[ 2.86156971e+00  8.40684126e-02  1.39534761e+00 -4.31924893e-01\n",
      "  -3.64615381e+00]\n",
      " [ 8.40684126e-02  8.96545570e-01 -9.59765364e-03  8.55215632e-01\n",
      "  -1.28545649e-01]\n",
      " [ 1.39534761e+00 -9.59765364e-03  1.42520804e+00  1.47590474e-01\n",
      "  -1.15862767e+00]\n",
      " [-4.31924893e-01  8.55215632e-01  1.47590474e-01  2.03742681e+01\n",
      "  -2.70306704e+00]\n",
      " [-3.64615381e+00 -1.28545649e-01 -1.15862767e+00 -2.70306704e+00\n",
      "   5.96804826e+00]]\n",
      "   logdet =  1.6584268467948937 \n",
      "\n",
      "\n",
      " Consider M =\n",
      " [[ 7.54293477e+00  2.00658942e-01  3.57421825e+00  3.92249670e-01\n",
      "  -1.03507788e+01]\n",
      " [ 2.00658942e-01  8.34055904e-01 -2.94510188e-02  2.26883774e+00\n",
      "  -3.36098479e-01]\n",
      " [ 3.57421825e+00 -2.94510188e-02  3.42785464e+00 -3.05966549e+00\n",
      "  -3.83245274e+00]\n",
      " [ 3.92249670e-01  2.26883774e+00 -3.05966549e+00  7.02808033e+01\n",
      "  -7.30537704e+00]\n",
      " [-1.03507788e+01 -3.36098479e-01 -3.83245274e+00 -7.30537704e+00\n",
      "   1.57298852e+01]]\n",
      "   logdet =  5.705152210237794 \n",
      "\n",
      "\n",
      " Consider M =\n",
      " [[ 7.50878479e+00  2.00671623e-01  3.53357314e+00  3.79902534e-01\n",
      "  -1.02972621e+01]\n",
      " [ 2.00671623e-01  8.29927925e-01 -2.92049955e-02  2.28075689e+00\n",
      "  -3.36394096e-01]\n",
      " [ 3.53357314e+00 -2.92049955e-02  3.40714168e+00 -3.08102332e+00\n",
      "  -3.77387526e+00]\n",
      " [ 3.79902534e-01  2.28075689e+00 -3.08102332e+00  7.05514806e+01\n",
      "  -7.30153610e+00]\n",
      " [-1.02972621e+01 -3.36394096e-01 -3.77387526e+00 -7.30153610e+00\n",
      "   1.56337539e+01]]\n",
      "   logdet =  5.681876264879368 \n",
      "\n",
      "\n",
      " Consider M =\n",
      " [[ 9.69421110e+00  3.27504802e-01  2.71044694e+00  2.70297774e+00\n",
      "  -1.30987139e+01]\n",
      " [ 3.27504802e-01  5.14284168e-01 -3.00253326e-03  3.60644462e+00\n",
      "  -5.20042229e-01]\n",
      " [ 2.71044694e+00 -3.00253326e-03  3.53900408e+00 -3.09877243e+00\n",
      "  -2.87601809e+00]\n",
      " [ 2.70297774e+00  3.60644462e+00 -3.09877243e+00  9.27603314e+01\n",
      "  -1.13271123e+01]\n",
      " [-1.30987139e+01 -5.20042229e-01 -2.87601809e+00 -1.13271123e+01\n",
      "   1.79983176e+01]]\n",
      "   logdet =  6.138266807152502 \n",
      "\n",
      "\n",
      " Consider M =\n",
      " [[ 1.01693568e+01  3.40004438e-01  2.77508740e+00  2.50150168e+00\n",
      "  -1.37921847e+01]\n",
      " [ 3.40004438e-01  4.65001035e-01  2.92239673e-03  3.97449985e+00\n",
      "  -5.60041482e-01]\n",
      " [ 2.77508740e+00  2.92239673e-03  3.70505495e+00 -3.95015916e+00\n",
      "  -2.79202026e+00]\n",
      " [ 2.50150168e+00  3.97449985e+00 -3.95015916e+00  1.05873370e+02\n",
      "  -1.21213331e+01]\n",
      " [-1.37921847e+01 -5.60041482e-01 -2.79202026e+00 -1.21213331e+01\n",
      "   1.88491502e+01]]\n",
      "   logdet =  6.636645969209634 \n",
      "\n",
      "\n",
      " Consider M =\n",
      " [[ 1.13579027e+01  3.61283696e-01  3.51971835e+00  2.31124958e+00\n",
      "  -1.55914948e+01]\n",
      " [ 3.61283696e-01  4.71244711e-01 -7.36067495e-04  4.47985230e+00\n",
      "  -6.13122653e-01]\n",
      " [ 3.51971835e+00 -7.36067495e-04  4.27803347e+00 -5.02704615e+00\n",
      "  -3.57000329e+00]\n",
      " [ 2.31124958e+00  4.47985230e+00 -5.02704615e+00  1.23378137e+02\n",
      "  -1.32935288e+01]\n",
      " [-1.55914948e+01 -6.13122653e-01 -3.57000329e+00 -1.32935288e+01\n",
      "   2.15321295e+01]]\n",
      "   logdet =  7.181758542423075 \n",
      "\n",
      "\n",
      " Consider M =\n",
      " [[ 1.14369013e+01  3.59778800e-01  3.51283888e+00  2.49664496e+00\n",
      "  -1.56583775e+01]\n",
      " [ 3.59778800e-01  4.62888323e-01  3.84820432e-03  4.48585850e+00\n",
      "  -6.10590068e-01]\n",
      " [ 3.51283888e+00  3.84820432e-03  4.30537602e+00 -4.83689763e+00\n",
      "  -3.63166565e+00]\n",
      " [ 2.49664496e+00  4.48585850e+00 -4.83689763e+00  1.22126353e+02\n",
      "  -1.33150114e+01]\n",
      " [-1.56583775e+01 -6.10590068e-01 -3.63166565e+00 -1.33150114e+01\n",
      "   2.15609633e+01]]\n",
      "   logdet =  7.104361909441382 \n",
      "\n",
      "\n",
      " Consider M =\n",
      " [[ 1.06803358e+01  3.40447054e-01  2.74480762e+00  3.14228132e+00\n",
      "  -1.42878477e+01]\n",
      " [ 3.40447054e-01  4.78855982e-01  4.24526116e-03  4.73349635e+00\n",
      "  -5.88192702e-01]\n",
      " [ 2.74480762e+00  4.24526116e-03  3.97039053e+00 -4.85620623e+00\n",
      "  -2.92406592e+00]\n",
      " [ 3.14228132e+00  4.73349635e+00 -4.85620623e+00  1.21856649e+02\n",
      "  -1.29837814e+01]\n",
      " [-1.42878477e+01 -5.88192702e-01 -2.92406592e+00 -1.29837814e+01\n",
      "   1.95896256e+01]]\n",
      "   logdet =  5.879930423195968 \n",
      "\n",
      "\n",
      " Consider M =\n",
      " [[ 1.09510251e+01  2.79606234e-01  4.38539382e-01  7.47345856e+00\n",
      "  -1.17554471e+01]\n",
      " [ 2.79606234e-01  3.89467338e-01  9.37354597e-03  3.75712608e+00\n",
      "  -4.80179966e-01]\n",
      " [ 4.38539382e-01  9.37354597e-03  4.57576800e+00 -7.06151774e+00\n",
      "  -2.30477602e+00]\n",
      " [ 7.47345856e+00  3.75712608e+00 -7.06151774e+00  1.05214302e+02\n",
      "  -1.10358067e+01]\n",
      " [-1.17554471e+01 -4.80179966e-01 -2.30477602e+00 -1.10358067e+01\n",
      "   1.59368288e+01]]\n",
      "   logdet =  7.726581292379878 \n",
      "\n",
      "\n",
      " Consider M =\n",
      " [[ 1.27184248e+01  1.88083269e-01 -1.34252565e+00  1.39792895e+01\n",
      "  -9.96994975e+00]\n",
      " [ 1.88083269e-01  3.30274829e-01 -4.22502981e-02  3.02192565e+00\n",
      "  -3.28495119e-01]\n",
      " [-1.34252565e+00 -4.22502981e-02  6.57405010e+00 -1.28494815e+01\n",
      "  -3.63488604e+00]\n",
      " [ 1.39792895e+01  3.02192565e+00 -1.28494815e+01  1.04311180e+02\n",
      "  -8.51979037e+00]\n",
      " [-9.96994975e+00 -3.28495119e-01 -3.63488604e+00 -8.51979037e+00\n",
      "   1.43176992e+01]]\n",
      "   logdet =  8.050084007434569 \n",
      "\n",
      "\n",
      " Consider M =\n",
      " [[ 9.74929306e+01  2.72945923e-01 -6.45371709e+01  1.80550521e+02\n",
      "  -1.80390895e+01]\n",
      " [ 2.72945923e-01  4.00533293e-01 -4.17103771e-02  4.60132239e+00\n",
      "  -4.99662252e-01]\n",
      " [-6.45371709e+01 -4.17103771e-02  5.76762406e+01 -1.44883089e+02\n",
      "  -9.06754733e-01]\n",
      " [ 1.80550521e+02  4.60132239e+00 -1.44883089e+02  5.06439674e+02\n",
      "  -2.05243734e+01]\n",
      " [-1.80390895e+01 -4.99662252e-01 -9.06754733e-01 -2.05243734e+01\n",
      "   1.99788900e+01]]\n",
      "   logdet =  12.377302512728491 \n",
      "\n",
      "\n",
      " Consider M =\n",
      " [[ 9.88829321e+01  2.88411857e-01 -6.44061019e+01  1.81595598e+02\n",
      "  -1.92890759e+01]\n",
      " [ 2.88411857e-01  5.20218922e-01 -5.77105593e-02  5.91201533e+00\n",
      "  -5.30949495e-01]\n",
      " [-6.44061019e+01 -5.77105593e-02  5.84639474e+01 -1.46688374e+02\n",
      "  -1.51936854e+00]\n",
      " [ 1.81595598e+02  5.91201533e+00 -1.46688374e+02  5.32100723e+02\n",
      "  -2.12965697e+01]\n",
      " [-1.92890759e+01 -5.30949495e-01 -1.51936854e+00 -2.12965697e+01\n",
      "   2.18468498e+01]]\n",
      "   logdet =  12.915762655575131 \n",
      "\n",
      "\n",
      " Consider M =\n",
      " [[ 1.02062142e+02  2.80800773e-01 -6.39620869e+01  1.82158725e+02\n",
      "  -2.17744280e+01]\n",
      " [ 2.80800773e-01  6.37375111e-01 -8.44494021e-02  6.86097108e+00\n",
      "  -5.86486853e-01]\n",
      " [-6.39620869e+01 -8.44494021e-02  6.08360547e+01 -1.54756568e+02\n",
      "  -2.85365391e+00]\n",
      " [ 1.82158725e+02  6.86097108e+00 -1.54756568e+02  5.94094134e+02\n",
      "  -2.22807706e+01]\n",
      " [-2.17744280e+01 -5.86486853e-01 -2.85365391e+00 -2.22807706e+01\n",
      "   2.65438913e+01]]\n",
      "   logdet =  14.022407396453932 \n",
      "\n",
      "\n",
      " Consider M =\n",
      " [[ 1.07847536e+02  2.46544685e-01 -6.32029392e+01  1.82771861e+02\n",
      "  -2.59988826e+01]\n",
      " [ 2.46544685e-01  8.67274401e-01 -1.37191144e-01  8.66576168e+00\n",
      "  -6.70207549e-01]\n",
      " [-6.32029392e+01 -1.37191144e-01  6.54068613e+01 -1.70974351e+02\n",
      "  -5.26284292e+00]\n",
      " [ 1.82771861e+02  8.66576168e+00 -1.70974351e+02  7.16842482e+02\n",
      "  -2.36167974e+01]\n",
      " [-2.59988826e+01 -6.70207549e-01 -5.26284292e+00 -2.36167974e+01\n",
      "   3.49338757e+01]]\n",
      "   logdet =  15.523416289781018 \n",
      "\n",
      "\n",
      " Consider M =\n",
      " [[ 1.16836542e+02  2.88265485e-01 -6.35283269e+01  1.91541477e+02\n",
      "  -3.25048427e+01]\n",
      " [ 2.88265485e-01  1.15680681e+00 -1.96952721e-01  1.17693602e+01\n",
      "  -8.14451358e-01]\n",
      " [-6.35283269e+01 -1.96952721e-01  7.08204235e+01 -1.83310695e+02\n",
      "  -8.84122436e+00]\n",
      " [ 1.91541477e+02  1.17693602e+01 -1.83310695e+02  8.19072123e+02\n",
      "  -2.75328268e+01]\n",
      " [-3.25048427e+01 -8.14451358e-01 -8.84122436e+00 -2.75328268e+01\n",
      "   4.48412505e+01]]\n",
      "   logdet =  16.486136495880615 \n",
      "\n"
     ]
    },
    {
     "name": "stdout",
     "output_type": "stream",
     "text": [
      "\n",
      " Consider M =\n",
      " [[ 1.51980456e+02  3.12945386e-01 -8.99240128e+01  2.60041871e+02\n",
      "  -3.50132943e+01]\n",
      " [ 3.12945386e-01  1.33729464e+00 -3.42398080e-01  1.39746069e+01\n",
      "  -1.02070802e+00]\n",
      " [-8.99240128e+01 -3.42398080e-01  9.27493531e+01 -2.46277823e+02\n",
      "  -6.82860579e+00]\n",
      " [ 2.60041871e+02  1.39746069e+01 -2.46277823e+02  1.06367970e+03\n",
      "  -3.49714248e+01]\n",
      " [-3.50132943e+01 -1.02070802e+00 -6.82860579e+00 -3.49714248e+01\n",
      "   4.70836941e+01]]\n",
      "   logdet =  17.37428344099181 \n",
      "\n",
      "\n",
      " Consider M =\n",
      " [[ 1.64739214e+02  3.75415970e-01 -9.46914185e+01  2.78613889e+02\n",
      "  -4.09179552e+01]\n",
      " [ 3.75415970e-01  1.38174835e+00 -3.29267277e-01  1.43606199e+01\n",
      "  -1.12965656e+00]\n",
      " [-9.46914185e+01 -3.29267277e-01  9.99989517e+01 -2.62027009e+02\n",
      "  -9.37824477e+00]\n",
      " [ 2.78613889e+02  1.43606199e+01 -2.62027009e+02  1.12504603e+03\n",
      "  -3.83900194e+01]\n",
      " [-4.09179552e+01 -1.12965656e+00 -9.37824477e+00 -3.83900194e+01\n",
      "   5.53915550e+01]]\n",
      "   logdet =  17.772987718986716 \n",
      "\n",
      "\n",
      " Consider M =\n",
      " [[ 2.89294243e+02  3.99539601e-01 -1.93986707e+02  5.33786983e+02\n",
      "  -4.58954606e+01]\n",
      " [ 3.99539601e-01  1.35735688e+00 -3.07793883e-01  1.41715960e+01\n",
      "  -1.10212154e+00]\n",
      " [-1.93986707e+02 -3.07793883e-01  1.75669254e+02 -4.58275188e+02\n",
      "  -2.79768824e+00]\n",
      " [ 5.33786983e+02  1.41715960e+01 -4.58275188e+02  1.64852578e+03\n",
      "  -5.01530006e+01]\n",
      " [-4.58954606e+01 -1.10212154e+00 -2.79768824e+00 -5.01530006e+01\n",
      "   5.31648920e+01]]\n",
      "   logdet =  18.404148076539023 \n",
      "\n",
      "\n",
      " Consider M =\n",
      " [[ 3.39911270e+02  4.54589601e-01 -2.30631116e+02  6.32061230e+02\n",
      "  -5.14486181e+01]\n",
      " [ 4.54589601e-01  1.46339895e+00 -3.43271134e-01  1.53650689e+01\n",
      "  -1.23844252e+00]\n",
      " [-2.30631116e+02 -3.43271134e-01  2.06366221e+02 -5.38380226e+02\n",
      "  -1.93525700e+00]\n",
      " [ 6.32061230e+02  1.53650689e+01 -5.38380226e+02  1.90432261e+03\n",
      "  -5.80694858e+01]\n",
      " [-5.14486181e+01 -1.23844252e+00 -1.93525700e+00 -5.80694858e+01\n",
      "   5.83371512e+01]]\n",
      "   logdet =  18.93494256002508 \n",
      "\n",
      "\n",
      " Consider M =\n",
      " [[ 6.59621951e+02  5.44490180e-01 -4.77836966e+02  1.27847773e+03\n",
      "  -7.07389037e+01]\n",
      " [ 5.44490180e-01  1.50635916e+00 -3.49422502e-01  1.60851391e+01\n",
      "  -1.33839454e+00]\n",
      " [-4.77836966e+02 -3.49422502e-01  4.00753298e+02 -1.03975586e+03\n",
      "   9.93514031e+00]\n",
      " [ 1.27847773e+03  1.60851391e+01 -1.03975586e+03  3.29221030e+03\n",
      "  -9.30489649e+01]\n",
      " [-7.07389037e+01 -1.33839454e+00  9.93514031e+00 -9.30489649e+01\n",
      "   6.36146009e+01]]\n",
      "   logdet =  20.033763536357284 \n",
      "\n",
      "\n",
      " Consider M =\n",
      " [[ 1.06030541e+03  6.27696081e-01 -7.88169197e+02  2.08750448e+03\n",
      "  -9.40692678e+01]\n",
      " [ 6.27696081e-01  1.66302777e+00 -3.78838736e-01  1.78960149e+01\n",
      "  -1.45602425e+00]\n",
      " [-7.88169197e+02 -3.78838736e-01  6.44897545e+02 -1.67246753e+03\n",
      "   2.55283950e+01]\n",
      " [ 2.08750448e+03  1.78960149e+01 -1.67246753e+03  5.06936796e+03\n",
      "  -1.36304994e+02]\n",
      " [-9.40692678e+01 -1.45602425e+00  2.55283950e+01 -1.36304994e+02\n",
      "   6.94790337e+01]]\n",
      "   logdet =  21.073531223606352 \n",
      "\n",
      "\n",
      " Consider M =\n",
      " [[ 1.36840998e+03  6.69376278e-01 -1.02755887e+03  2.71150345e+03\n",
      "  -1.11144934e+02]\n",
      " [ 6.69376278e-01  1.70318712e+00 -3.85313227e-01  1.84478303e+01\n",
      "  -1.48581844e+00]\n",
      " [-1.02755887e+03 -3.85313227e-01  8.32637813e+02 -2.15792039e+03\n",
      "   3.75226926e+01]\n",
      " [ 2.71150345e+03  1.84478303e+01 -2.15792039e+03  6.41112938e+03\n",
      "  -1.68472573e+02]\n",
      " [-1.11144934e+02 -1.48581844e+00  3.75226926e+01 -1.68472573e+02\n",
      "   7.24701897e+01]]\n",
      "   logdet =  21.576145543621234 \n",
      "\n",
      "\n",
      " Consider M =\n",
      " [[ 1.41169693e+03  6.99389414e-01 -1.06366178e+03  2.80483079e+03\n",
      "  -1.11714601e+02]\n",
      " [ 6.99389414e-01  1.57631493e+00 -3.82192220e-01  1.75079046e+01\n",
      "  -1.47365073e+00]\n",
      " [-1.06366178e+03 -3.82192220e-01  8.58479203e+02 -2.22306552e+03\n",
      "   4.04065573e+01]\n",
      " [ 2.80483079e+03  1.75079046e+01 -2.22306552e+03  6.55325736e+03\n",
      "  -1.73081697e+02]\n",
      " [-1.11714601e+02 -1.47365073e+00  4.04065573e+01 -1.73081697e+02\n",
      "   6.91004575e+01]]\n",
      "   logdet =  21.357373633124542 \n",
      "\n",
      "\n",
      " Consider M =\n",
      " [[ 1.47551918e+03  7.05757327e-01 -1.11347768e+03  2.93449615e+03\n",
      "  -1.15031209e+02]\n",
      " [ 7.05757327e-01  1.57543126e+00 -3.82877109e-01  1.75342907e+01\n",
      "  -1.47325904e+00]\n",
      " [-1.11347768e+03 -3.82877109e-01  8.97370779e+02 -2.32362304e+03\n",
      "   4.29945800e+01]\n",
      " [ 2.93449615e+03  1.75342907e+01 -2.32362304e+03  6.82858968e+03\n",
      "  -1.79623258e+02]\n",
      " [-1.15031209e+02 -1.47325904e+00  4.29945800e+01 -1.79623258e+02\n",
      "   6.93504798e+01]]\n",
      "   logdet =  21.43116488350849 \n",
      "\n",
      "\n",
      " Consider M =\n",
      " [[ 1.68501840e+03  7.16369537e-01 -1.27733084e+03  3.36047982e+03\n",
      "  -1.25539160e+02]\n",
      " [ 7.16369537e-01  1.55664850e+00 -3.80826727e-01  1.74182825e+01\n",
      "  -1.45310770e+00]\n",
      " [-1.27733084e+03 -3.80826727e-01  1.02509743e+03 -2.65402775e+03\n",
      "   5.16338312e+01]\n",
      " [ 3.36047982e+03  1.74182825e+01 -2.65402775e+03  7.72948431e+03\n",
      "  -2.00644281e+02]\n",
      " [-1.25539160e+02 -1.45310770e+00  5.16338312e+01 -2.00644281e+02\n",
      "   6.96206870e+01]]\n",
      "   logdet =  21.631336323635075 \n",
      "\n",
      "\n",
      " Consider M =\n",
      " [[ 1.98187071e+03  7.64247782e-01 -1.50819436e+03  3.96184760e+03\n",
      "  -1.41943069e+02]\n",
      " [ 7.64247782e-01  1.58531033e+00 -3.80845047e-01  1.78612567e+01\n",
      "  -1.48729865e+00]\n",
      " [-1.50819436e+03 -3.80845047e-01  1.20587423e+03 -3.12136360e+03\n",
      "   6.34269694e+01]\n",
      " [ 3.96184760e+03  1.78612567e+01 -3.12136360e+03  9.01847757e+03\n",
      "  -2.31675940e+02]\n",
      " [-1.41943069e+02 -1.48729865e+00  6.34269694e+01 -2.31675940e+02\n",
      "   7.22745053e+01]]\n",
      "   logdet =  21.982990931272703 \n",
      "\n",
      "\n",
      " Consider M =\n",
      " [[ 2.66614268e+03  8.58786493e-01 -2.04075995e+03  5.34856115e+03\n",
      "  -1.79208022e+02]\n",
      " [ 8.58786493e-01  1.65583375e+00 -3.83273123e-01  1.89048302e+01\n",
      "  -1.54657103e+00]\n",
      " [-2.04075995e+03 -3.83273123e-01  1.62273998e+03 -4.19946999e+03\n",
      "   9.07997556e+01]\n",
      " [ 5.34856115e+03  1.89048302e+01 -4.19946999e+03  1.19926524e+04\n",
      "  -3.02836200e+02]\n",
      " [-1.79208022e+02 -1.54657103e+00  9.07997556e+01 -3.02836200e+02\n",
      "   7.76334627e+01]]\n",
      "   logdet =  22.65803514487239 \n",
      "\n",
      "\n",
      " Consider M =\n",
      " [[ 2.90620288e+03  8.65821886e-01 -2.22648809e+03  5.83228583e+03\n",
      "  -1.92975863e+02]\n",
      " [ 8.65821886e-01  1.71674999e+00 -3.75302006e-01  1.93868176e+01\n",
      "  -1.54395885e+00]\n",
      " [-2.22648809e+03 -3.75302006e-01  1.76930961e+03 -4.57915500e+03\n",
      "   9.97247243e+01]\n",
      " [ 5.83228583e+03  1.93868176e+01 -4.57915500e+03  1.30515857e+04\n",
      "  -3.26982353e+02]\n",
      " [-1.92975863e+02 -1.54395885e+00  9.97247243e+01 -3.26982353e+02\n",
      "   8.11118161e+01]]\n",
      "   logdet =  22.962794358060464 \n",
      "\n",
      "\n",
      " Consider M =\n",
      " [[ 3.33445317e+03  8.75567188e-01 -2.55833764e+03  6.69607345e+03\n",
      "  -2.17024321e+02]\n",
      " [ 8.75567188e-01  1.82363209e+00 -3.64628225e-01  2.02450804e+01\n",
      "  -1.53252015e+00]\n",
      " [-2.55833764e+03 -3.64628225e-01  2.03081950e+03 -5.25702892e+03\n",
      "   1.15931779e+02]\n",
      " [ 6.69607345e+03  2.02450804e+01 -5.25702892e+03  1.49405419e+04\n",
      "  -3.69937404e+02]\n",
      " [-2.17024321e+02 -1.53252015e+00  1.15931779e+02 -3.69937404e+02\n",
      "   8.65841833e+01]]\n",
      "   logdet =  23.442475792490338 \n",
      "\n",
      "\n",
      " Consider M =\n",
      " [[ 3.71551018e+03  8.64519215e-01 -2.85253282e+03  7.46263776e+03\n",
      "  -2.39173037e+02]\n",
      " [ 8.64519215e-01  1.95627535e+00 -3.41879756e-01  2.12116376e+01\n",
      "  -1.48800730e+00]\n",
      " [-2.85253282e+03 -3.41879756e-01  2.26368257e+03 -5.86033432e+03\n",
      "   1.29472676e+02]\n",
      " [ 7.46263776e+03  2.12116376e+01 -5.86033432e+03  1.66269784e+04\n",
      "  -4.07241795e+02]\n",
      " [-2.39173037e+02 -1.48800730e+00  1.29472676e+02 -4.07241795e+02\n",
      "   9.29528678e+01]]\n",
      "   logdet =  23.88938978145188 \n",
      "\n",
      "\n",
      " Consider M =\n",
      " [[ 4.04285901e+03  8.90269741e-01 -3.10658798e+03  8.12461173e+03\n",
      "  -2.57456289e+02]\n",
      " [ 8.90269741e-01  2.04947317e+00 -3.28835449e-01  2.21792957e+01\n",
      "  -1.46614225e+00]\n",
      " [-3.10658798e+03 -3.28835449e-01  2.46321947e+03 -6.37583846e+03\n",
      "   1.41839114e+02]\n",
      " [ 8.12461173e+03  2.21792957e+01 -6.37583846e+03  1.80527632e+04\n",
      "  -4.39986573e+02]\n",
      " [-2.57456289e+02 -1.46614225e+00  1.41839114e+02 -4.39986573e+02\n",
      "   9.64111980e+01]]\n",
      "   logdet =  24.146460956269955 \n",
      "\n",
      "\n",
      " Consider M =\n",
      " [[ 4.14042212e+03  8.66762087e-01 -3.18024985e+03  8.31768744e+03\n",
      "  -2.64306255e+02]\n",
      " [ 8.66762087e-01  2.12757507e+00 -3.14061902e-01  2.26287648e+01\n",
      "  -1.43867408e+00]\n",
      " [-3.18024985e+03 -3.14061902e-01  2.52314934e+03 -6.53119721e+03\n",
      "   1.44215819e+02]\n",
      " [ 8.31768744e+03  2.26287648e+01 -6.53119721e+03  1.85001184e+04\n",
      "  -4.49072048e+02]\n",
      " [-2.64306255e+02 -1.43867408e+00  1.44215819e+02 -4.49072048e+02\n",
      "   1.00396719e+02]]\n",
      "   logdet =  24.340826212962444 \n",
      "\n",
      "\n",
      " Consider M =\n",
      " [[ 4.58374776e+03  9.22618391e-01 -3.52702344e+03  9.21881744e+03\n",
      "  -2.86905636e+02]\n",
      " [ 9.22618391e-01  2.15445457e+00 -3.10289268e-01  2.31460692e+01\n",
      "  -1.42568174e+00]\n",
      " [-3.52702344e+03 -3.10289268e-01  2.79315873e+03 -7.22964448e+03\n",
      "   1.62805312e+02]\n",
      " [ 9.21881744e+03  2.31460692e+01 -7.22964448e+03  2.04116349e+04\n",
      "  -4.93948928e+02]\n",
      " [-2.86905636e+02 -1.42568174e+00  1.62805312e+02 -4.93948928e+02\n",
      "   1.01273568e+02]]\n",
      "   logdet =  24.5205598271407 \n",
      "\n"
     ]
    },
    {
     "name": "stdout",
     "output_type": "stream",
     "text": [
      "\n",
      " Consider M =\n",
      " [[ 4.38080500e+03  8.82672755e-01 -3.36646400e+03  8.80319749e+03\n",
      "  -2.77974266e+02]\n",
      " [ 8.82672755e-01  2.25652671e+00 -3.04612810e-01  2.39406535e+01\n",
      "  -1.41265761e+00]\n",
      " [-3.36646400e+03 -3.04612810e-01  2.66974125e+03 -6.90979409e+03\n",
      "   1.53034607e+02]\n",
      " [ 8.80319749e+03  2.39406535e+01 -6.90979409e+03  1.95552591e+04\n",
      "  -4.72944044e+02]\n",
      " [-2.77974266e+02 -1.41265761e+00  1.53034607e+02 -4.72944044e+02\n",
      "   1.03362699e+02]]\n",
      "   logdet =  24.552735478748495 \n",
      "\n",
      "\n",
      " Consider M =\n",
      " [[ 4.81379707e+03  9.21045846e-01 -3.70196586e+03  9.67831877e+03\n",
      "  -3.02627137e+02]\n",
      " [ 9.21045846e-01  2.32445495e+00 -2.79483735e-01  2.45819973e+01\n",
      "  -1.38858406e+00]\n",
      " [-3.70196586e+03 -2.79483735e-01  2.93366807e+03 -7.59098454e+03\n",
      "   1.68999597e+02]\n",
      " [ 9.67831877e+03  2.45819973e+01 -7.59098454e+03  2.14326452e+04\n",
      "  -5.16560691e+02]\n",
      " [-3.02627137e+02 -1.38858406e+00  1.68999597e+02 -5.16560691e+02\n",
      "   1.08678312e+02]]\n",
      "   logdet =  24.83333540358786 \n",
      "\n",
      "\n",
      " Consider M =\n",
      " [[ 5.06164923e+03  9.37817538e-01 -3.89426066e+03  1.01791794e+04\n",
      "  -3.16414502e+02]\n",
      " [ 9.37817538e-01  2.52448813e+00 -2.78820578e-01  2.66478937e+01\n",
      "  -1.35346805e+00]\n",
      " [-3.89426066e+03 -2.78820578e-01  3.08487547e+03 -7.98194478e+03\n",
      "   1.78290763e+02]\n",
      " [ 1.01791794e+04  2.66478937e+01 -7.98194478e+03  2.25303063e+04\n",
      "  -5.40972159e+02]\n",
      " [-3.16414502e+02 -1.35346805e+00  1.78290763e+02 -5.40972159e+02\n",
      "   1.11287705e+02]]\n",
      "   logdet =  25.05251718485642 \n",
      "\n",
      "\n",
      " Consider M =\n",
      " [[ 5.08473585e+03  9.66104047e-01 -3.90888425e+03  1.02226387e+04\n",
      "  -3.20882711e+02]\n",
      " [ 9.66104047e-01  2.44090524e+00 -2.47244834e-01  2.57472593e+01\n",
      "  -1.37758813e+00]\n",
      " [-3.90888425e+03 -2.47244834e-01  3.09854315e+03 -8.01284421e+03\n",
      "   1.76748593e+02]\n",
      " [ 1.02226387e+04  2.57472593e+01 -8.01284421e+03  2.26017158e+04\n",
      "  -5.44335931e+02]\n",
      " [-3.20882711e+02 -1.37758813e+00  1.76748593e+02 -5.44335931e+02\n",
      "   1.16056941e+02]]\n",
      "   logdet =  25.073418490380682 \n",
      "\n",
      "\n",
      " Consider M =\n",
      " [[ 5.22337369e+03  9.77139730e-01 -4.01769949e+03  1.05044666e+04\n",
      "  -3.27498259e+02]\n",
      " [ 9.77139730e-01  2.55456039e+00 -2.58562965e-01  2.69893230e+01\n",
      "  -1.35767130e+00]\n",
      " [-4.01769949e+03 -2.58562965e-01  3.18313916e+03 -8.23264067e+03\n",
      "   1.82836947e+02]\n",
      " [ 1.05044666e+04  2.69893230e+01 -8.23264067e+03  2.32176224e+04\n",
      "  -5.57897190e+02]\n",
      " [-3.27498259e+02 -1.35767130e+00  1.82836947e+02 -5.57897190e+02\n",
      "   1.15778142e+02]]\n",
      "   logdet =  25.165892463446003 \n",
      "\n",
      "\n",
      " Consider M =\n",
      " [[ 5.40945251e+03  1.01661960e+00 -4.16120251e+03  1.08804825e+04\n",
      "  -3.38903269e+02]\n",
      " [ 1.01661960e+00  2.56548214e+00 -2.44644631e-01  2.71649948e+01\n",
      "  -1.36101626e+00]\n",
      " [-4.16120251e+03 -2.44644631e-01  3.29629212e+03 -8.52290878e+03\n",
      "   1.89144684e+02]\n",
      " [ 1.08804825e+04  2.71649948e+01 -8.52290878e+03  2.40107159e+04\n",
      "  -5.77188630e+02]\n",
      " [-3.38903269e+02 -1.36101626e+00  1.89144684e+02 -5.77188630e+02\n",
      "   1.18942078e+02]]\n",
      "   logdet =  25.25842547602771 \n",
      "\n",
      "\n",
      " Consider M =\n",
      " [[ 5.42400616e+03  1.02301801e+00 -4.17218420e+03  1.09095997e+04\n",
      "  -3.40021413e+02]\n",
      " [ 1.02301801e+00  2.61111840e+00 -2.46115434e-01  2.76603003e+01\n",
      "  -1.35825002e+00]\n",
      " [-4.17218420e+03 -2.46115434e-01  3.30512212e+03 -8.54527953e+03\n",
      "   1.89450098e+02]\n",
      " [ 1.09095997e+04  2.76603003e+01 -8.54527953e+03  2.40767498e+04\n",
      "  -5.78648519e+02]\n",
      " [-3.40021413e+02 -1.35825002e+00  1.89450098e+02 -5.78648519e+02\n",
      "   1.19490598e+02]]\n",
      "   logdet =  25.285510060935298 \n",
      "\n",
      "\n",
      " Consider M =\n",
      " [[ 5.47516321e+03  1.03578475e+00 -4.21146355e+03  1.10128308e+04\n",
      "  -3.43330041e+02]\n",
      " [ 1.03578475e+00  2.60806795e+00 -2.40455974e-01  2.76474302e+01\n",
      "  -1.36079886e+00]\n",
      " [-4.21146355e+03 -2.40455974e-01  3.33620109e+03 -8.62473268e+03\n",
      "   1.91054663e+02]\n",
      " [ 1.10128308e+04  2.76474302e+01 -8.62473268e+03  2.42927438e+04\n",
      "  -5.84019774e+02]\n",
      " [-3.43330041e+02 -1.36079886e+00  1.91054663e+02 -5.84019774e+02\n",
      "   1.20595617e+02]]\n",
      "   logdet =  25.309329638534624 \n",
      "\n",
      "\n",
      " Consider M =\n",
      " [[ 5.46870257e+03  1.03847191e+00 -4.20581644e+03  1.09990434e+04\n",
      "  -3.43557633e+02]\n",
      " [ 1.03847191e+00  2.60892664e+00 -2.36145779e-01  2.76453379e+01\n",
      "  -1.36305162e+00]\n",
      " [-4.20581644e+03 -2.36145779e-01  3.33221242e+03 -8.61370830e+03\n",
      "   1.90349411e+02]\n",
      " [ 1.09990434e+04  2.76453379e+01 -8.61370830e+03  2.42623708e+04\n",
      "  -5.83477138e+02]\n",
      " [-3.43557633e+02 -1.36305162e+00  1.90349411e+02 -5.83477138e+02\n",
      "   1.21391459e+02]]\n",
      "   logdet =  25.31590885239904 \n",
      "\n",
      "\n",
      " Consider M =\n",
      " [[ 5.47167859e+03  1.03902874e+00 -4.20813188e+03  1.10050835e+04\n",
      "  -3.43721841e+02]\n",
      " [ 1.03902874e+00  2.60905951e+00 -2.36019920e-01  2.76486205e+01\n",
      "  -1.36303943e+00]\n",
      " [-4.20813188e+03 -2.36019920e-01  3.33402282e+03 -8.61837013e+03\n",
      "   1.90464550e+02]\n",
      " [ 1.10050835e+04  2.76486205e+01 -8.61837013e+03  2.42750870e+04\n",
      "  -5.83783236e+02]\n",
      " [-3.43721841e+02 -1.36303943e+00  1.90464550e+02 -5.83783236e+02\n",
      "   1.21413805e+02]]\n",
      "   logdet =  25.3169295540525 \n",
      "\n",
      "\n",
      " Consider M =\n",
      " [[ 5.47177041e+03  1.03916750e+00 -4.20818324e+03  1.10052476e+04\n",
      "  -3.43745720e+02]\n",
