{
 "cells": [
  {
   "cell_type": "code",
   "execution_count": 1,
   "id": "9f0457a1",
   "metadata": {},
   "outputs": [],
   "source": [
    "import matplotlib.pyplot as plt\n",
    "from pyomo.environ import *\n",
    "from pyomo.dae import *\n",
    "\n",
    "import numpy as np\n",
    "#from scipy.interpolate import interp2d\n",
    "import pandas as pd \n",
    "from itertools import permutations, product, combinations\n",
    "import idaes\n",
    "from itertools import permutations, product\n",
    "\n",
    "from fim_doe import *\n",
    "\n",
    "import pyomo.common.unittest as unittest"
   ]
  },
  {
   "cell_type": "code",
   "execution_count": 2,
   "id": "ae7e4fa1",
   "metadata": {},
   "outputs": [
    {
     "name": "stdout",
     "output_type": "stream",
     "text": [
      "(CVXPY) Aug 16 05:38:07 PM: Encountered unexpected exception importing solver GUROBI:\n",
      "ImportError('libgurobi95.so: cannot open shared object file: No such file or directory')\n",
      "(CVXPY) Aug 16 05:38:07 PM: Encountered unexpected exception importing solver GUROBI:\n",
      "ImportError('libgurobi95.so: cannot open shared object file: No such file or directory')\n"
     ]
    }
   ],
   "source": [
    "import cvxpy as cp\n",
    "\n",
    "from reactor_kinetics import *"
   ]
  },
  {
   "cell_type": "markdown",
   "id": "0686ac34",
   "metadata": {},
   "source": [
    "## FIM generator"
   ]
  },
  {
   "cell_type": "code",
   "execution_count": 3,
   "id": "aab09641",
   "metadata": {},
   "outputs": [],
   "source": [
    "def generate_exp(t_set, CA0, T):  \n",
    "    '''Generate experiments. \n",
    "    t_set: time control set for T.\n",
    "    CA0: CA0 value\n",
    "    T: A list of T \n",
    "    '''\n",
    "    assert(len(t_set)==len(T)), 'T should have the same length as t_set'\n",
    "    \n",
    "    T_con_initial = {}\n",
    "    for t, tim in enumerate(t_set):\n",
    "        T_con_initial[tim] = T[t]\n",
    "        \n",
    "    dv_dict_overall = {'CA0': {0: CA0},'T': T_con_initial}\n",
    "    return dv_dict_overall"
   ]
  },
  {
   "cell_type": "code",
   "execution_count": 4,
   "id": "d8b423be",
   "metadata": {},
   "outputs": [],
   "source": [
    "def return_FIM(measure_pass):\n",
    "    # Create model function\n",
    "    createmod = create_model\n",
    "\n",
    "    # discretization by Pyomo.DAE\n",
    "    disc = disc_for_measure\n",
    "\n",
    "    # Control time set [h]\n",
    "    t_control = [0, 0.125, 0.25, 0.375, 0.5, 0.625, 0.75, 0.875, 1]\n",
    "\n",
    "    \n",
    "\n",
    "    # design variable and its control time set\n",
    "    dv_pass = {'CA0': [0],'T': t_control}\n",
    "\n",
    "    t_test = [0.125, 0.375, 0.625, 0.875]\n",
    "\n",
    "    \n",
    "    measure_class =  Measurements(measure_pass)\n",
    "\n",
    "    # Define parameter nominal value \n",
    "    parameter_dict = {'A1': 84.79085853498033, 'A2': 371.71773413976416, 'E1': 7.777032028026428, 'E2': 15.047135137500822}\n",
    "    \n",
    "    # empty prior\n",
    "    prior_all = np.zeros((4,4))\n",
    "\n",
    "    prior_pass=np.asarray(prior_all)\n",
    "\n",
    "    print('The prior information FIM:', prior_pass)\n",
    "    \n",
    "\n",
    "    # choose from 'sequential_finite', 'direct_kaug'\n",
    "    # 'sequential_sipopt', 'sequential_kaug' is also available\n",
    "    sensi_opt = 'sequential_finite'\n",
    "    #sensi_opt = 'direct_kaug'\n",
    "\n",
    "    # model option\n",
    "    if sensi_opt == 'direct_kaug':\n",
    "        args_ = [False]\n",
    "    else:\n",
    "        args_ = [True]\n",
    "\n",
    "\n",
    "    # Define experiments\n",
    "    exp1 = generate_exp(t_control, 5, [570, 300, 300, 300, 300, 300, 300, 300, 300])\n",
    "    \n",
    "    doe_object = DesignOfExperiments(parameter_dict, dv_pass,\n",
    "                                 measure_class, createmod,\n",
    "                                prior_FIM=prior_pass, discretize_model=disc, args=args_, verbose=False)\n",
    "\n",
    "\n",
    "    result = doe_object.compute_FIM(exp1,mode=sensi_opt, FIM_store_name = 'dynamic.csv', scale_nominal_param_value=True, \n",
    "                                    store_output = 'store_output', read_output=None,tee_opt=False,\n",
    "                                    formula='central')\n",
    "\n",
    "\n",
    "    result.calculate_FIM(doe_object.design_values)\n",
    "    \n",
    "    \n",
    "    print('======Result summary======')\n",
    "    print('Four design criteria log10() value:')\n",
    "    print('A-optimality:', np.log10(result.trace))\n",
    "    print('D-optimality:', np.log10(result.det))\n",
    "    print('E-optimality:', np.log10(result.min_eig))\n",
    "    print('Modified E-optimality:', np.log10(result.cond))\n",
    "    \n",
    "    return result.FIM, result.jaco_information"
   ]
  },
  {
   "cell_type": "code",
   "execution_count": 5,
   "id": "b78dbdc7",
   "metadata": {},
   "outputs": [],
   "source": [
    "# Create measurement object\n",
    "# Measurement time points [h]\n",
    "t_measure = [0, 0.125, 0.25, 0.375, 0.5, 0.625, 0.75, 0.875, 1]\n",
    "\n",
    "measure_pass = {'C':{'CA': t_measure, 'CB': t_measure, 'CC': t_measure}}\n",
    "#measure_pass = {'C':{'CC': t_test}}"
   ]
  },
  {
   "cell_type": "code",
   "execution_count": 6,
   "id": "d36287f0",
   "metadata": {},
   "outputs": [
    {
     "name": "stdout",
     "output_type": "stream",
     "text": [
      "All measurements are flattened.\n",
      "Flatten measurement name: ['C_index_CA', 'C_index_CB', 'C_index_CC']\n",
      "The prior information FIM: [[0. 0. 0. 0.]\n",
      " [0. 0. 0. 0.]\n",
      " [0. 0. 0. 0.]\n",
      " [0. 0. 0. 0.]]\n",
      "Sensitivity information is scaled by its corresponding parameter nominal value.\n",
      "Existed information has been added.\n",
      "FIM: [[  17.66733763   18.74907479  -30.09833141  -76.66335672]\n",
      " [  18.74907479   30.78667315  -30.04626402 -124.88329795]\n",
      " [ -30.09833141  -30.04626402   52.08798793  123.38481043]\n",
      " [ -76.66335672 -124.88329795  123.38481043  514.04755797]]\n",
      "Trace: 614.5895566797835\n",
      "Determinant: 663.4981277560081\n",
      "Condition number: 6044.997967150994\n",
      "Minimal eigen value: 0.09719821768019567\n",
      "Eigen values: [5.87563028e+02 2.64907667e+01 9.71982177e-02 4.38563426e-01]\n",
      "Eigen vectors: [[ 0.14552155  0.4403084   0.86473015  0.19285682]\n",
      " [ 0.2270364  -0.06216021 -0.21780144  0.94718167]\n",
      " [-0.23603479 -0.85419248  0.4513987   0.10431684]\n",
      " [-0.93357674  0.26948066 -0.03230349  0.23403233]]\n",
      "======Result summary======\n",
      "Four design criteria log10() value:\n",
      "A-optimality: 2.7885851762996685\n",
      "D-optimality: 2.821839701719849\n",
      "E-optimality: -1.0123416986411415\n",
      "Modified E-optimality: 3.7813961591496024\n",
      "{'A1': [0.0, -1.346695417017152, -1.039297035228287, -0.7733130998612002, -0.560819154400885, -0.3990444064009696, -0.27979555476436574, -0.1939053002679436, -0.1331100105811684, 0.0, 0.01991573402693181, -0.27282773736081456, -0.49528499926310143, -0.6436372848857008, -0.7284027976047769, -0.764065430574612, -0.7644777115803912, -0.7411661969829453, 0.0, 1.3267796829901088, 1.3121247725891294, 1.268598099124052, 1.204456439286794, 1.1274472040057049, 1.0438609853389291, 0.9583830118478075, 0.8742762075641951], 'A2': [0.0, -1.6653345369377348e-13, -2.220446049250313e-13, -1.3877787807814457e-13, -1.249000902703301e-13, -4.85722573273506e-14, -5.551115123125783e-14, -3.122502256758253e-14, -1.3877787807814457e-14, 0.0, -1.3752037136890438, -1.3874031315264101, -1.4015562993399122, -1.4096897316501211, -1.4082705406104346, -1.3963174644404663, -1.3742506806110333, -1.34319967277996, 0.0, 1.3752037136887107, 1.3874031315266322, 1.4015562993403563, 1.4096897316502321, 1.4082705406104346, 1.3963174644409104, 1.3742506806111443, 1.343199672780182], 'E1': [0.0, 2.2233798461628314, 2.004516103508741, 1.6379000541605901, 1.2648388615049688, 0.9415433202331, 0.6830391077798161, 0.48612609975326804, 0.3409191457896289, 0.0, -0.04681729294941927, 0.16751431152617346, 0.4972483613988609, 0.7975217042995864, 1.018761917449651, 1.1553250734815945, 1.219268971831444, 1.2276367843273572, 0.0, -2.1765625532130795, -2.1720304150352194, -2.135148415559618, -2.0623605658043327, -1.9603052376824246, -1.8383641812615978, -1.7053950715846256, -1.5685559301172878], 'E2': [0.0, -1.6653345369377346e-13, -1.6653345369377346e-13, -1.1102230246251565e-13, -6.938893903907228e-14, -2.0816681711721682e-14, -2.0816681711721682e-14, -3.469446951953614e-15, 1.0408340855860841e-14, 0.0, 4.3796517482447275, 4.866408693837143, 5.32136224081181, 5.701010909036962, 5.988156232832331, 6.180558543165904, 6.28404415612449, 6.308370991028989, 0.0, -4.379651748244395, -4.866408693837476, -5.3213622408117, -5.701010909037407, -5.988156232832108, -6.180558543166015, -6.284044156124269, -6.308370991028767]}\n"
     ]
    }
   ],
   "source": [
    "fim1, jaco1 = return_FIM(measure_pass)\n",
    "print(jaco1)"
   ]
  },
  {
   "cell_type": "markdown",
   "id": "6e8e81be",
   "metadata": {},
   "source": [
    "### Jacobian generator"
   ]
  },
  {
   "cell_type": "code",
   "execution_count": 7,
   "id": "287bc7da",
   "metadata": {},
   "outputs": [],
   "source": [
    "jaco = pd.DataFrame(jaco1)\n",
    "jaco.to_csv('./kinetics_fim/Q.csv')"
   ]
  },
  {
   "cell_type": "markdown",
   "id": "57629e63",
   "metadata": {},
   "source": [
    "### FIM generator"
   ]
  },
  {
   "cell_type": "code",
   "execution_count": 8,
   "id": "9af49ad6",
   "metadata": {},
   "outputs": [],
   "source": [
    "FIM_set = []\n",
    "\n",
    "def to_dataframe(fim_list):\n",
    "    \n",
    "    fim_dict = {'P1': fim_list[0], \n",
    "               'P2': fim_list[1],\n",
    "               'P3': fim_list[2], \n",
    "               'P4': fim_list[3]\n",
    "               }\n",
    "    fim_frame = pd.DataFrame(fim_dict)\n",
    "    \n",
    "    return fim_frame"
   ]
  },
  {
   "cell_type": "code",
   "execution_count": 9,
   "id": "4b0a4340",
   "metadata": {
    "scrolled": true
   },
   "outputs": [
    {
     "name": "stdout",
     "output_type": "stream",
     "text": [
      "All measurements are flattened.\n",
      "Flatten measurement name: ['C_index_CA']\n",
      "The prior information FIM: [[0. 0. 0. 0.]\n",
      " [0. 0. 0. 0.]\n",
      " [0. 0. 0. 0.]\n",
      " [0. 0. 0. 0.]]\n",
      "Sensitivity information is scaled by its corresponding parameter nominal value.\n",
      "Existed information has been added.\n",
      "Warning: FIM is near singular.\n",
      "The condition number is: inf ;\n",
      "A condition number bigger than  1000000000000.0  is considered near singular.\n",
      "FIM: [[0. 0. 0. 0.]\n",
      " [0. 0. 0. 0.]\n",
      " [0. 0. 0. 0.]\n",
      " [0. 0. 0. 0.]]\n",
      "Trace: 0.0\n",
      "Determinant: 0.0\n",
      "Condition number: nan\n",
      "Minimal eigen value: 0.0\n",
      "Eigen values: [0. 0. 0. 0.]\n",
      "Eigen vectors: [[1. 0. 0. 0.]\n",
      " [0. 1. 0. 0.]\n",
      " [0. 0. 1. 0.]\n",
      " [0. 0. 0. 1.]]\n",
      "======Result summary======\n",
      "Four design criteria log10() value:\n",
      "A-optimality: -inf\n",
      "D-optimality: -inf\n",
      "E-optimality: -inf\n",
      "Modified E-optimality: nan\n",
      "FIM for CA, time  0 : [[0. 0. 0. 0.]\n",
      " [0. 0. 0. 0.]\n",
      " [0. 0. 0. 0.]\n",
      " [0. 0. 0. 0.]]\n",
      "All measurements are flattened.\n",
      "Flatten measurement name: ['C_index_CA']\n",
      "The prior information FIM: [[0. 0. 0. 0.]\n",
      " [0. 0. 0. 0.]\n",
      " [0. 0. 0. 0.]\n",
      " [0. 0. 0. 0.]]\n",
      "Sensitivity information is scaled by its corresponding parameter nominal value.\n"
     ]
    },
    {
     "name": "stderr",
     "output_type": "stream",
     "text": [
      "/media/psf/Home/dowlinglab/measurement-opt/fim_doe.py:2259: RuntimeWarning: invalid value encountered in double_scalars\n",
      "  self.cond = max(eig) / min(eig)\n",
      "/tmp/ipykernel_83608/3679787686.py:62: RuntimeWarning: divide by zero encountered in log10\n",
      "  print('A-optimality:', np.log10(result.trace))\n",
      "/tmp/ipykernel_83608/3679787686.py:63: RuntimeWarning: divide by zero encountered in log10\n",
      "  print('D-optimality:', np.log10(result.det))\n",
      "/tmp/ipykernel_83608/3679787686.py:64: RuntimeWarning: divide by zero encountered in log10\n",
      "  print('E-optimality:', np.log10(result.min_eig))\n"
     ]
    },
    {
     "name": "stdout",
     "output_type": "stream",
     "text": [
      "Existed information has been added.\n",
      "Warning: FIM is near singular.\n",
      "The condition number is: 2.3544731243922475e+42 ;\n",
      "A condition number bigger than  1000000000000.0  is considered near singular.\n",
      "FIM: [[ 1.81358855e+00  2.24269839e-13 -2.99421545e+00  2.24269839e-13]\n",
      " [ 2.24269839e-13  2.77333912e-26 -3.70267125e-13  2.77333912e-26]\n",
      " [-2.99421545e+00 -3.70267125e-13  4.94341794e+00 -3.70267125e-13]\n",
      " [ 2.24269839e-13  2.77333912e-26 -3.70267125e-13  2.77333912e-26]]\n",
      "Trace: 6.757006486538057\n",
      "Determinant: 0.0\n",
      "Condition number: -1.0142440673645765e+29\n",
      "Minimal eigen value: -6.662110929665618e-29\n",
      "Eigen values: [ 0.00000000e+00  6.75700649e+00  1.14682266e-41 -6.66211093e-29]\n",
      "Eigen vectors: [[-8.55335499e-01 -5.18074497e-01  8.55335499e-01  8.55335499e-01]\n",
      " [ 3.88600949e-14 -6.41576045e-14 -3.88600949e-14  1.05923524e-13]\n",
      " [-5.18074497e-01  8.55335499e-01  5.18074497e-01  5.18074497e-01]\n",
      " [ 3.88043165e-14 -6.40655149e-14  1.48479403e-13  1.05771485e-13]]\n",
      "======Result summary======\n",
      "Four design criteria log10() value:\n",
      "A-optimality: 0.8297543358357835\n",
      "D-optimality: -inf\n",
      "E-optimality: nan\n",
      "Modified E-optimality: nan\n",
      "FIM for CA, time  0.125 : [[ 1.81358855e+00  2.24269839e-13 -2.99421545e+00  2.24269839e-13]\n",
      " [ 2.24269839e-13  2.77333912e-26 -3.70267125e-13  2.77333912e-26]\n",
      " [-2.99421545e+00 -3.70267125e-13  4.94341794e+00 -3.70267125e-13]\n",
      " [ 2.24269839e-13  2.77333912e-26 -3.70267125e-13  2.77333912e-26]]\n",
      "All measurements are flattened.\n",
      "Flatten measurement name: ['C_index_CA']\n",
      "The prior information FIM: [[0. 0. 0. 0.]\n",
      " [0. 0. 0. 0.]\n",
      " [0. 0. 0. 0.]\n",
      " [0. 0. 0. 0.]]\n",
      "Sensitivity information is scaled by its corresponding parameter nominal value.\n"
     ]
    },
    {
     "name": "stderr",
     "output_type": "stream",
     "text": [
      "/tmp/ipykernel_83608/3679787686.py:64: RuntimeWarning: invalid value encountered in log10\n",
      "  print('E-optimality:', np.log10(result.min_eig))\n",
      "/tmp/ipykernel_83608/3679787686.py:65: RuntimeWarning: invalid value encountered in log10\n",
      "  print('Modified E-optimality:', np.log10(result.cond))\n"
     ]
    },
    {
     "name": "stdout",
     "output_type": "stream",
     "text": [
      "Existed information has been added.\n",
      "Warning: FIM is near singular.\n",
      "The condition number is: inf ;\n",
      "A condition number bigger than  1000000000000.0  is considered near singular.\n",
      "FIM: [[ 1.08013833e+00  2.30770300e-13 -2.08328764e+00  1.73077725e-13]\n",
      " [ 2.30770300e-13  4.93038066e-26 -4.45091986e-13  3.69778549e-26]\n",
      " [-2.08328764e+00 -4.45091986e-13  4.01808481e+00 -3.33818990e-13]\n",
      " [ 1.73077725e-13  3.69778549e-26 -3.33818990e-13  2.77333912e-26]]\n",
      "Trace: 5.098223136660172\n",
      "Determinant: 0.0\n",
      "Condition number: -5740088954628597.0\n",
      "Minimal eigen value: -8.881784197001252e-16\n",
      "Eigen values: [-8.88178420e-16  5.09822314e+00 -2.80259693e-42  9.56529353e-29]\n",
      "Eigen vectors: [[-8.87769315e-01 -4.60288653e-01 -4.77949090e-14  3.49684417e-01]\n",
      " [ 5.07966122e-14 -9.79725947e-14 -2.93998466e-14  8.26299890e-01]\n",
      " [-4.60288653e-01  8.87769315e-01  5.82985321e-14  1.81303596e-01]\n",
      " [ 3.82403808e-14 -7.37551022e-14  1.00000000e+00  4.02589500e-01]]\n",
      "======Result summary======\n",
      "Four design criteria log10() value:\n",
      "A-optimality: 0.7074188395482156\n",
      "D-optimality: -inf\n",
      "E-optimality: nan\n",
      "Modified E-optimality: nan\n",
      "FIM for CA, time  0.25 : [[ 1.08013833e+00  2.30770300e-13 -2.08328764e+00  1.73077725e-13]\n",
      " [ 2.30770300e-13  4.93038066e-26 -4.45091986e-13  3.69778549e-26]\n",
      " [-2.08328764e+00 -4.45091986e-13  4.01808481e+00 -3.33818990e-13]\n",
      " [ 1.73077725e-13  3.69778549e-26 -3.33818990e-13  2.77333912e-26]]\n",
      "All measurements are flattened.\n",
      "Flatten measurement name: ['C_index_CA']\n",
      "The prior information FIM: [[0. 0. 0. 0.]\n",
      " [0. 0. 0. 0.]\n",
      " [0. 0. 0. 0.]\n",
      " [0. 0. 0. 0.]]\n",
      "Sensitivity information is scaled by its corresponding parameter nominal value.\n",
      "Existed information has been added.\n",
      "Warning: FIM is near singular.\n",
      "The condition number is: 7.499797053597039e+57 ;\n",
      "A condition number bigger than  1000000000000.0  is considered near singular.\n",
      "FIM: [[ 5.98013150e-01  1.07318751e-13 -1.26660957e+00  8.58550009e-14]\n",
      " [ 1.07318751e-13  1.92592994e-26 -2.27304294e-13  1.54074396e-26]\n",
      " [-1.26660957e+00 -2.27304294e-13  2.68271659e+00 -1.81843435e-13]\n",
      " [ 8.58550009e-14  1.54074396e-26 -1.81843435e-13  1.23259516e-26]]\n",
      "Trace: 3.280729737836203\n",
      "Determinant: 0.0\n",
      "Condition number: -2.645863966520609e+29\n",
      "Minimal eigen value: -1.2399464898229297e-29\n",
      "Eigen values: [ 4.44089210e-16  3.28072974e+00  5.61920684e-43 -1.23994649e-29]\n",
      "Eigen vectors: [[-9.04278426e-01 -4.26943238e-01 -4.46418119e-14  3.34042491e-01]\n",
      " [ 3.61896436e-14 -7.66507372e-14 -1.26569629e-13  8.65225688e-01]\n",
      " [-4.26943238e-01  9.04278426e-01  4.67062714e-14  1.57713796e-01]\n",
      " [ 2.89396299e-14 -6.12949933e-14  1.00000000e+00  3.39008084e-01]]\n",
      "======Result summary======\n",
      "Four design criteria log10() value:\n",
      "A-optimality: 0.5159704552562694\n",
      "D-optimality: -inf\n",
      "E-optimality: nan\n",
      "Modified E-optimality: nan\n",
      "FIM for CA, time  0.375 : [[ 5.98013150e-01  1.07318751e-13 -1.26660957e+00  8.58550009e-14]\n",
      " [ 1.07318751e-13  1.92592994e-26 -2.27304294e-13  1.54074396e-26]\n",
      " [-1.26660957e+00 -2.27304294e-13  2.68271659e+00 -1.81843435e-13]\n",
      " [ 8.58550009e-14  1.54074396e-26 -1.81843435e-13  1.23259516e-26]]\n",
      "All measurements are flattened.\n",
      "Flatten measurement name: ['C_index_CA']\n",
      "The prior information FIM: [[0. 0. 0. 0.]\n",
      " [0. 0. 0. 0.]\n",
      " [0. 0. 0. 0.]\n",
      " [0. 0. 0. 0.]]\n",
      "Sensitivity information is scaled by its corresponding parameter nominal value.\n",
      "Existed information has been added.\n",
      "Warning: FIM is near singular.\n",
      "The condition number is: inf ;\n",
      "A condition number bigger than  1000000000000.0  is considered near singular.\n",
      "FIM: [[ 3.14518124e-01  7.00463630e-14 -7.09345861e-01  3.89146461e-14]\n",
      " [ 7.00463630e-14  1.56000325e-26 -1.57978488e-13  8.66668475e-27]\n",
      " [-7.09345861e-01 -1.57978488e-13  1.59981735e+00 -8.77658267e-14]\n",
      " [ 3.89146461e-14  8.66668475e-27 -8.77658267e-14  4.81482486e-27]]\n",
      "Trace: 1.9143354695161094\n",
      "Determinant: 1.6215467498198495e-100\n",
      "Condition number: (-2.0167273346519503e+28+1.2399080922169953e+36j)\n",
      "Minimal eigen value: (-2.5112285610364385e-44-1.543933362103651e-36j)\n",
      "Eigen values: [ 2.22044605e-16+0.00000000e+00j  1.91433547e+00+0.00000000e+00j\n",
      " -2.51122856e-44+1.54393336e-36j -2.51122856e-44-1.54393336e-36j]\n",
      "Eigen vectors: [[-9.14168342e-01+0.00000000e+00j -4.05334729e-01+0.00000000e+00j\n",
      "   2.69891456e-15+8.80623710e-24j  2.69891456e-15-8.80623710e-24j]\n",
      " [ 4.01073213e-14+0.00000000e+00j -9.04557169e-14+0.00000000e+00j\n",
      "   1.96279466e-15+1.22323003e-07j  1.96279466e-15-1.22323003e-07j]\n",
      " [-4.05334729e-01+0.00000000e+00j  9.14168342e-01+0.00000000e+00j\n",
      "   5.60565809e-14+1.20770415e-20j  5.60565809e-14-1.20770415e-20j]\n",
      " [ 2.22366245e-14+0.00000000e+00j -5.01511879e-14+0.00000000e+00j\n",
      "   1.00000000e+00+0.00000000e+00j  1.00000000e+00-0.00000000e+00j]]\n",
      "======Result summary======\n",
      "Four design criteria log10() value:\n",
      "A-optimality: 0.28201804618550247\n",
      "D-optimality: -99.79007052593266\n",
      "E-optimality: (-35.81137144823293-0.6821881839847793j)\n",
      "Modified E-optimality: (36.09338949441843+0.6821881839847793j)\n",
      "FIM for CA, time  0.5 : [[ 3.14518124e-01  7.00463630e-14 -7.09345861e-01  3.89146461e-14]\n",
      " [ 7.00463630e-14  1.56000325e-26 -1.57978488e-13  8.66668475e-27]\n",
      " [-7.09345861e-01 -1.57978488e-13  1.59981735e+00 -8.77658267e-14]\n",
      " [ 3.89146461e-14  8.66668475e-27 -8.77658267e-14  4.81482486e-27]]\n",
      "All measurements are flattened.\n",
      "Flatten measurement name: ['C_index_CA']\n",
      "The prior information FIM: [[0. 0. 0. 0.]\n",
      " [0. 0. 0. 0.]\n",
      " [0. 0. 0. 0.]\n",
      " [0. 0. 0. 0.]]\n",
      "Sensitivity information is scaled by its corresponding parameter nominal value.\n",
      "Existed information has been added.\n",
      "Warning: FIM is near singular.\n",
      "The condition number is: 1.312701076809801e+43 ;\n",
      "A condition number bigger than  1000000000000.0  is considered near singular.\n",
      "FIM: [[ 1.59236438e-01  1.93824876e-14 -3.75717595e-01  8.30678040e-15]\n",
      " [ 1.93824876e-14  2.35926418e-27 -4.57328844e-14  1.01111322e-27]\n",
      " [-3.75717595e-01 -4.57328844e-14  8.86503824e-01 -1.95998076e-14]\n",
      " [ 8.30678040e-15  1.01111322e-27 -1.95998076e-14  4.33334237e-28]]\n",
      "Trace: 1.045740262155472\n",
      "Determinant: -6.710007408395797e-103\n",
      "Condition number: inf\n",
      "Minimal eigen value: 0.0\n",
      "Eigen values: [0.00000000e+00 1.04574026e+00 8.51726723e-43 5.77741676e-31]\n",
      "Eigen vectors: [[-9.20721728e-01 -3.90219810e-01  9.20721728e-01  9.20721728e-01]\n",
      " [ 2.01507888e-14 -4.75456874e-14 -2.01507888e-14 -3.34864378e-14]\n",
      " [-3.90219810e-01  9.20721728e-01  3.90219810e-01  3.90219810e-01]\n",
      " [ 8.62741140e-15 -2.03563349e-14  5.46947422e-14  4.80306724e-14]]\n",
      "======Result summary======\n",
      "Four design criteria log10() value:\n",
      "A-optimality: 0.01942382915815712\n",
      "D-optimality: nan\n",
      "E-optimality: -inf\n",
      "Modified E-optimality: inf\n",
      "FIM for CA, time  0.625 : [[ 1.59236438e-01  1.93824876e-14 -3.75717595e-01  8.30678040e-15]\n",
      " [ 1.93824876e-14  2.35926418e-27 -4.57328844e-14  1.01111322e-27]\n",
      " [-3.75717595e-01 -4.57328844e-14  8.86503824e-01 -1.95998076e-14]\n",
      " [ 8.30678040e-15  1.01111322e-27 -1.95998076e-14  4.33334237e-28]]\n",
      "All measurements are flattened.\n",
      "Flatten measurement name: ['C_index_CA']\n",
      "The prior information FIM: [[0. 0. 0. 0.]\n",
      " [0. 0. 0. 0.]\n",
      " [0. 0. 0. 0.]\n",
      " [0. 0. 0. 0.]]\n",
      "Sensitivity information is scaled by its corresponding parameter nominal value.\n"
     ]
    },
    {
     "name": "stderr",
     "output_type": "stream",
     "text": [
      "/media/psf/Home/dowlinglab/measurement-opt/fim_doe.py:2259: RuntimeWarning: divide by zero encountered in double_scalars\n",
      "  self.cond = max(eig) / min(eig)\n",
      "/tmp/ipykernel_83608/3679787686.py:63: RuntimeWarning: invalid value encountered in log10\n",
      "  print('D-optimality:', np.log10(result.det))\n"
     ]
    },
    {
     "name": "stdout",
     "output_type": "stream",
     "text": [
      "Existed information has been added.\n",
      "Warning: FIM is near singular.\n",
      "The condition number is: 3.0375174631173404e+42 ;\n",
      "A condition number bigger than  1000000000000.0  is considered near singular.\n",
      "FIM: [[ 7.82855525e-02  1.55317734e-14 -1.91111306e-01  5.82441501e-15]\n",
      " [ 1.55317734e-14  3.08148791e-27 -3.79162872e-14  1.15555797e-27]\n",
      " [-1.91111306e-01 -3.79162872e-14  4.66542423e-01 -1.42186077e-14]\n",
      " [ 5.82441501e-15  1.15555797e-27 -1.42186077e-14  4.33334237e-28]]\n",
      "Trace: 0.5448279752225464\n",
      "Determinant: 0.0\n",
      "Condition number: inf\n",
      "Minimal eigen value: 0.0\n",
      "Eigen values: [0.00000000e+00 5.44827975e-01 0.00000000e+00 8.31991395e-44]\n",
      "Eigen vectors: [[-9.25370969e-01  3.79062752e-01  0.00000000e+00 -9.25370969e-01]\n",
      " [ 3.08057950e-14  7.52033490e-14  1.00000000e+00 -1.34540164e-13]\n",
      " [-3.79062752e-01 -9.25370969e-01  8.12683254e-14 -3.79062752e-01]\n",
      " [ 1.15525283e-14  2.82021230e-14  3.04765591e-14  1.90044663e-13]]\n",
      "======Result summary======\n",
      "Four design criteria log10() value:\n",
      "A-optimality: -0.2637406008514066\n",
      "D-optimality: -inf\n",
      "E-optimality: -inf\n",
      "Modified E-optimality: inf\n",
      "FIM for CA, time  0.75 : [[ 7.82855525e-02  1.55317734e-14 -1.91111306e-01  5.82441501e-15]\n",
      " [ 1.55317734e-14  3.08148791e-27 -3.79162872e-14  1.15555797e-27]\n",
      " [-1.91111306e-01 -3.79162872e-14  4.66542423e-01 -1.42186077e-14]\n",
      " [ 5.82441501e-15  1.15555797e-27 -1.42186077e-14  4.33334237e-28]]\n",
      "All measurements are flattened.\n",
      "Flatten measurement name: ['C_index_CA']\n",
      "The prior information FIM: [[0. 0. 0. 0.]\n",
      " [0. 0. 0. 0.]\n",
      " [0. 0. 0. 0.]\n",
      " [0. 0. 0. 0.]]\n",
      "Sensitivity information is scaled by its corresponding parameter nominal value.\n",
      "Existed information has been added.\n",
      "Warning: FIM is near singular.\n",
      "The condition number is: 5.3099822282338455e+90 ;\n",
      "A condition number bigger than  1000000000000.0  is considered near singular.\n",
      "FIM: [[ 3.75992655e-02  6.05469738e-15 -9.42624273e-02  6.72744153e-16]\n",
      " [ 6.05469738e-15  9.75002034e-28 -1.51792984e-14  1.08333559e-28]\n",
      " [-9.42624273e-02 -1.51792984e-14  2.36318585e-01 -1.68658872e-15]\n",
      " [ 6.72744153e-16  1.08333559e-28 -1.68658872e-15  1.20370622e-29]]\n",
      "Trace: 0.27391785033332566\n",
      "Determinant: 0.0\n",
      "Condition number: -2.006316236009654e+29\n",
      "Minimal eigen value: -1.3652775440731046e-30\n",
      "Eigen values: [ 0.00000000e+00  2.73917850e-01  1.40129846e-45 -1.36527754e-30]\n",
      "Eigen vectors: [[-9.28835426e-01 -3.70492579e-01 -9.28835426e-01  9.28835426e-01]\n",
      " [ 2.37313245e-14 -5.94951052e-14  2.37313245e-14  6.43674265e-14]\n",
      " [-3.70492579e-01  9.28835426e-01 -3.70492579e-01  3.70492579e-01]\n",
      " [ 2.64417884e-15 -6.62903152e-15  1.63156216e-12  1.00253248e-14]]\n",
      "======Result summary======\n",
      "Four design criteria log10() value:\n",
      "A-optimality: -0.5623796652682662\n",
      "D-optimality: -inf\n",
      "E-optimality: nan\n",
      "Modified E-optimality: nan\n",
      "FIM for CA, time  0.875 : [[ 3.75992655e-02  6.05469738e-15 -9.42624273e-02  6.72744153e-16]\n",
      " [ 6.05469738e-15  9.75002034e-28 -1.51792984e-14  1.08333559e-28]\n",
      " [-9.42624273e-02 -1.51792984e-14  2.36318585e-01 -1.68658872e-15]\n",
      " [ 6.72744153e-16  1.08333559e-28 -1.68658872e-15  1.20370622e-29]]\n",
      "All measurements are flattened.\n",
      "Flatten measurement name: ['C_index_CA']\n",
      "The prior information FIM: [[0. 0. 0. 0.]\n",
      " [0. 0. 0. 0.]\n",
      " [0. 0. 0. 0.]\n",
      " [0. 0. 0. 0.]]\n",
      "Sensitivity information is scaled by its corresponding parameter nominal value.\n",
      "Existed information has been added.\n",
      "Warning: FIM is near singular.\n",
      "The condition number is: 1.1948216448252058e+43 ;\n",
      "A condition number bigger than  1000000000000.0  is considered near singular.\n",
      "FIM: [[ 1.77182749e-02  1.84727248e-15 -4.53797511e-02 -1.38545436e-15]\n",
      " [ 1.84727248e-15  1.92592994e-28 -4.73120356e-15 -1.44444746e-28]\n",
      " [-4.53797511e-02 -4.73120356e-15  1.16225864e-01  3.54840267e-15]\n",
      " [-1.38545436e-15 -1.44444746e-28  3.54840267e-15  1.08333559e-28]]\n",
      "Trace: 0.133944138882849\n",
      "Determinant: -1.5829004922696485e-106\n",
      "Condition number: -6.076143101715569e+29\n",
      "Minimal eigen value: -2.2044269965437535e-31\n",
      "Eigen values: [ 1.38777878e-17  1.33944139e-01  7.86040857e-45 -2.20442700e-31]\n",
      "Eigen vectors: [[-9.31514317e-01 -3.63704656e-01  2.70036210e-15 -4.90611536e-02]\n",
      " [ 1.47354065e-14 -3.77400782e-14 -4.23559089e-14 -5.16088951e-01]\n",
      " [-3.63704656e-01  9.31514317e-01 -2.94758911e-14 -1.91556583e-02]\n",
      " [-1.11039878e-14  2.84393489e-14  1.00000000e+00  8.54914182e-01]]\n",
      "======Result summary======\n",
      "Four design criteria log10() value:\n",
      "A-optimality: -0.8730762854639655\n",
      "D-optimality: nan\n",
      "E-optimality: nan\n",
      "Modified E-optimality: nan\n",
      "FIM for CA, time  1 : [[ 1.77182749e-02  1.84727248e-15 -4.53797511e-02 -1.38545436e-15]\n",
      " [ 1.84727248e-15  1.92592994e-28 -4.73120356e-15 -1.44444746e-28]\n",
      " [-4.53797511e-02 -4.73120356e-15  1.16225864e-01  3.54840267e-15]\n",
      " [-1.38545436e-15 -1.44444746e-28  3.54840267e-15  1.08333559e-28]]\n",
      "All measurements are flattened.\n",
      "Flatten measurement name: ['C_index_CB']\n",
      "The prior information FIM: [[0. 0. 0. 0.]\n",
      " [0. 0. 0. 0.]\n",
      " [0. 0. 0. 0.]\n",
      " [0. 0. 0. 0.]]\n",
      "Sensitivity information is scaled by its corresponding parameter nominal value.\n",
      "Existed information has been added.\n",
      "Warning: FIM is near singular.\n",
      "The condition number is: inf ;\n",
      "A condition number bigger than  1000000000000.0  is considered near singular.\n",
      "FIM: [[0. 0. 0. 0.]\n",
      " [0. 0. 0. 0.]\n",
      " [0. 0. 0. 0.]\n",
      " [0. 0. 0. 0.]]\n",
      "Trace: 0.0\n",
      "Determinant: 0.0\n",
      "Condition number: nan\n",
      "Minimal eigen value: 0.0\n",
      "Eigen values: [0. 0. 0. 0.]\n",
      "Eigen vectors: [[1. 0. 0. 0.]\n",
      " [0. 1. 0. 0.]\n",
      " [0. 0. 1. 0.]\n",
      " [0. 0. 0. 1.]]\n",
      "======Result summary======\n",
      "Four design criteria log10() value:\n",
      "A-optimality: -inf\n",
      "D-optimality: -inf\n",
      "E-optimality: -inf\n",
      "Modified E-optimality: nan\n",
      "FIM for CB, time  0 : [[0. 0. 0. 0.]\n",
      " [0. 0. 0. 0.]\n",
      " [0. 0. 0. 0.]\n",
      " [0. 0. 0. 0.]]\n",
      "All measurements are flattened.\n",
      "Flatten measurement name: ['C_index_CB']\n",
      "The prior information FIM: [[0. 0. 0. 0.]\n",
      " [0. 0. 0. 0.]\n",
      " [0. 0. 0. 0.]\n",
      " [0. 0. 0. 0.]]\n",
      "Sensitivity information is scaled by its corresponding parameter nominal value.\n",
      "Existed information has been added.\n",
      "Warning: FIM is near singular.\n",
      "The condition number is: 2.243689125430063e+19 ;\n",
      "A condition number bigger than  1000000000000.0  is considered near singular.\n",
      "FIM: [[ 3.96636462e-04 -2.73881914e-02 -9.32400754e-04  8.72239793e-02]\n",
      " [-2.73881914e-02  1.89118525e+00  6.43833151e-02 -6.02291335e+00]\n",
      " [-9.32400754e-04  6.43833151e-02  2.19185892e-03 -2.05043439e-01]\n",
      " [ 8.72239793e-02 -6.02291335e+00 -2.05043439e-01  1.91813494e+01]]\n",
      "Trace: 21.07512318542818\n",
      "Determinant: 1.1656458693841237e-52\n",
      "Condition number: -3.343492720101191e+16\n",
      "Minimal eigen value: -6.303325578884567e-16\n",
      "Eigen values: [ 0.00000000e+00  2.10751232e+01 -6.30332558e-16  6.54646866e-20]\n",
      "Eigen vectors: [[-9.99990590e-01  4.33821685e-03 -1.70289831e-02 -3.78363248e-01]\n",
      " [-1.29956294e-03 -2.99558726e-01  9.53547835e-01 -9.59445711e-03]\n",
      " [-4.42421864e-05 -1.01981463e-02  2.45922771e-02 -9.25539883e-01]\n",
      " [ 4.13875636e-03  9.54013494e-01  2.99752831e-01 -1.11858718e-02]]\n",
      "======Result summary======\n",
      "Four design criteria log10() value:\n",
      "A-optimality: 1.3237701217829179\n",
      "D-optimality: -51.933433370959705\n",
      "E-optimality: nan\n",
      "Modified E-optimality: nan\n",
      "FIM for CB, time  0.125 : [[ 3.96636462e-04 -2.73881914e-02 -9.32400754e-04  8.72239793e-02]\n",
      " [-2.73881914e-02  1.89118525e+00  6.43833151e-02 -6.02291335e+00]\n",
      " [-9.32400754e-04  6.43833151e-02  2.19185892e-03 -2.05043439e-01]\n",
      " [ 8.72239793e-02 -6.02291335e+00 -2.05043439e-01  1.91813494e+01]]\n",
      "All measurements are flattened.\n",
      "Flatten measurement name: ['C_index_CB']\n",
      "The prior information FIM: [[0. 0. 0. 0.]\n",
      " [0. 0. 0. 0.]\n",
      " [0. 0. 0. 0.]\n",
      " [0. 0. 0. 0.]]\n",
      "Sensitivity information is scaled by its corresponding parameter nominal value.\n",
      "Existed information has been added.\n",
      "Warning: FIM is near singular.\n",
      "The condition number is: 4.725125979116489e+33 ;\n",
      "A condition number bigger than  1000000000000.0  is considered near singular.\n",
      "FIM: [[ 0.07443497  0.37852206 -0.04570255 -1.32769127]\n",
      " [ 0.37852206  1.92488745 -0.23240988 -6.75167066]\n",
      " [-0.04570255 -0.23240988  0.02806104  0.8151931 ]\n",
      " [-1.32769127 -6.75167066  0.8151931  23.68193358]]\n",
      "Trace: 25.70931704366253\n",
      "Determinant: 0.0\n",
      "Condition number: -1.406154349759523e+16\n",
      "Minimal eigen value: -1.828342460986539e-15\n",
      "Eigen values: [ 0.00000000e+00  2.57093170e+01  1.64458955e-19 -1.82834246e-15]\n",
      "Eigen vectors: [[-0.99855132  0.05380755  0.89562531 -0.0277868 ]\n",
      " [ 0.01474451  0.27362602 -0.00567257  0.96174275]\n",
      " [-0.00178024 -0.03303746  0.44352272  0.00321559]\n",
      " [-0.05171734 -0.95976147  0.03332743  0.27252237]]\n",
      "======Result summary======\n",
      "Four design criteria log10() value:\n",
      "A-optimality: 1.4100905399603134\n",
      "D-optimality: -inf\n",
      "E-optimality: nan\n",
      "Modified E-optimality: nan\n",
      "FIM for CB, time  0.25 : [[ 0.07443497  0.37852206 -0.04570255 -1.32769127]\n",
      " [ 0.37852206  1.92488745 -0.23240988 -6.75167066]\n",
      " [-0.04570255 -0.23240988  0.02806104  0.8151931 ]\n",
      " [-1.32769127 -6.75167066  0.8151931  23.68193358]]\n",
      "All measurements are flattened.\n",
      "Flatten measurement name: ['C_index_CB']\n",
      "The prior information FIM: [[0. 0. 0. 0.]\n",
      " [0. 0. 0. 0.]\n",
      " [0. 0. 0. 0.]\n",
      " [0. 0. 0. 0.]]\n",
      "Sensitivity information is scaled by its corresponding parameter nominal value.\n"
     ]
    },
    {
     "name": "stdout",
     "output_type": "stream",
     "text": [
      "Existed information has been added.\n",
      "Warning: FIM is near singular.\n",
      "The condition number is: 7.579362948155853e+32 ;\n",
      "A condition number bigger than  1000000000000.0  is considered near singular.\n",
      "FIM: [[ 0.24530723  0.69416981 -0.24627965 -2.63559089]\n",
      " [ 0.69416981  1.96436006 -0.69692157 -7.45818877]\n",
      " [-0.24627965 -0.69692157  0.24725593  2.64603865]\n",
      " [-2.63559089 -7.45818877  2.64603865 28.3168961 ]]\n",
      "Trace: 30.77381932156598\n",
      "Determinant: 0.0\n",
      "Condition number: -2.124909552705877e+17\n",
      "Minimal eigen value: -1.448241374903622e-16\n",
      "Eigen values: [ 0.00000000e+00  3.07738193e+01 -1.44824137e-16 -3.69778549e-32]\n",
      "Eigen vectors: [[-0.99600638 -0.08928212  0.55945177  0.99600638]\n",
      " [ 0.0226476  -0.25265032  0.61456565 -0.0226476 ]\n",
      " [-0.00803498  0.08963604 -0.49171409  0.00803498]\n",
      " [-0.08598733  0.9592507   0.25988467  0.08598733]]\n",
      "======Result summary======\n",
      "Four design criteria log10() value:\n",
      "A-optimality: 1.4881813996386075\n",
      "D-optimality: -inf\n",
      "E-optimality: nan\n",
      "Modified E-optimality: nan\n",
      "FIM for CB, time  0.375 : [[ 0.24530723  0.69416981 -0.24627965 -2.63559089]\n",
      " [ 0.69416981  1.96436006 -0.69692157 -7.45818877]\n",
      " [-0.24627965 -0.69692157  0.24725593  2.64603865]\n",
      " [-2.63559089 -7.45818877  2.64603865 28.3168961 ]]\n",
      "All measurements are flattened.\n",
      "Flatten measurement name: ['C_index_CB']\n",
      "The prior information FIM: [[0. 0. 0. 0.]\n",
      " [0. 0. 0. 0.]\n",
      " [0. 0. 0. 0.]\n",
      " [0. 0. 0. 0.]]\n",
      "Sensitivity information is scaled by its corresponding parameter nominal value.\n",
      "Existed information has been added.\n",
      "Warning: FIM is near singular.\n",
      "The condition number is: 1.1307613736286606e+33 ;\n",
      "A condition number bigger than  1000000000000.0  is considered near singular.\n",
      "FIM: [[ 0.41426895  0.90732887 -0.5133147  -3.66938318]\n",
      " [ 0.90732887  1.98722514 -1.12425816 -8.03665654]\n",
      " [-0.5133147  -1.12425816  0.63604087  4.54667994]\n",
      " [-3.66938318 -8.03665654  4.54667994 32.50152538]]\n",
      "Trace: 35.53906034780219\n",
      "Determinant: 0.0\n",
      "Condition number: inf\n",
      "Minimal eigen value: 0.0\n",
      "Eigen values: [0.00000000e+00 3.55390603e+01 6.16297582e-33 1.00471420e-16]\n",
      "Eigen vectors: [[-0.99415455 -0.1079663   0.99415455  0.70095192]\n",
      " [ 0.02568058 -0.23646701 -0.02568058 -0.0119363 ]\n",
      " [-0.0145286   0.13377949  0.0145286   0.71272071]\n",
      " [-0.10385639  0.95631045  0.10385639 -0.02351827]]\n",
      "======Result summary======\n",
      "Four design criteria log10() value:\n",
      "A-optimality: 1.5507059408817965\n",
      "D-optimality: -inf\n",
      "E-optimality: -inf\n",
      "Modified E-optimality: inf\n",
      "FIM for CB, time  0.5 : [[ 0.41426895  0.90732887 -0.5133147  -3.66938318]\n",
      " [ 0.90732887  1.98722514 -1.12425816 -8.03665654]\n",
      " [-0.5133147  -1.12425816  0.63604087  4.54667994]\n",
      " [-3.66938318 -8.03665654  4.54667994 32.50152538]]\n",
      "All measurements are flattened.\n",
      "Flatten measurement name: ['C_index_CB']\n",
      "The prior information FIM: [[0. 0. 0. 0.]\n",
      " [0. 0. 0. 0.]\n",
      " [0. 0. 0. 0.]\n",
      " [0. 0. 0. 0.]]\n",
      "Sensitivity information is scaled by its corresponding parameter nominal value.\n",
      "Existed information has been added.\n",
      "Warning: FIM is near singular.\n",
      "The condition number is: 3.356016174910208e+17 ;\n",
      "A condition number bigger than  1000000000000.0  is considered near singular.\n",
      "FIM: [[ 0.53057064  1.0257882  -0.74206903 -4.36178975]\n",
      " [ 1.0257882   1.98322592 -1.4346924  -8.43294402]\n",
      " [-0.74206903 -1.4346924   1.03787584  6.10050553]\n",
      " [-4.36178975 -8.43294402  6.10050553 35.85801507]]\n",
      "Trace: 39.409687464364055\n",
      "Determinant: 0.0\n",
