{
 "cells": [
  {
   "cell_type": "code",
   "execution_count": 1,
   "id": "597f749d",
   "metadata": {},
   "outputs": [],
   "source": [
    "import numpy as np\n",
    "import pandas as pd\n",
    "import pyomo.environ as pyo\n",
    "from measure_optimize_2022 import MeasurementOptimizer, DataProcess \n",
    "import matplotlib.pyplot as plt\n",
    "from itertools import permutations, product\n",
    "from scipy.sparse import coo_matrix\n",
    "from pyomo.contrib.pynumero.interfaces.external_grey_box import ExternalGreyBoxModel\n",
    "from pyomo.contrib.pynumero.interfaces.external_grey_box import ExternalGreyBoxBlock"
   ]
  },
  {
   "cell_type": "markdown",
   "id": "e70ab310",
   "metadata": {},
   "source": [
    "## Input Setting\n",
    "\n",
    "### All measurements and index\n",
    "\n",
    "- ads.gas_inlet.F (0)\n",
    "- ads.gas_outlet.F (1)\n",
    "- ads.gas_outlet.T (2)\n",
    "- ads.gas_outlet.z (3)\n",
    "- des.gas_inlet.F (4)\n",
    "- des.gas_outlet.F (5)\n",
    "- des.gas_outlet.T (6)\n",
    "- des.gas_outlet.z (7)\n",
    "- ads.T19 (8)\n",
    "- ads.T23 (9)\n",
    "- ads.T28 (10)\n",
    "- ads.z19 (11)\n",
    "- ads.z23 (12)\n",
    "- ads.z28 (13)\n",
    "\n",
    "One-time cost ones: 0,1,2, 4,5,6, 8,9,10\n",
    "\n",
    "Time-cost ones: 3,7,11,12,13"
   ]
  },
  {
   "cell_type": "code",
   "execution_count": 2,
   "id": "d1e2f0c8",
   "metadata": {},
   "outputs": [],
   "source": [
    "all_names = ['Ads.gas_inlet.F', 'Ads.gas_outlet.F', 'Ads.gas_outlet.T', \n",
    "             'Ads.gas_outlet.z(\"CO2\")', 'Des.gas_inlet.F', 'Des.gas_outlet.F', \n",
    "             'Des.gas_outlet.T', 'Des.gas_outlet.z(\"CO2\")', 'Ads.T_g.Value(19,10)', \n",
    "             'Ads.T_g.Value(23,10)', 'Ads.T_g.Value(28,10)', 'Ads.z(\"CO2\",19,10)', \n",
    "             'Ads.z(\"CO2\",23,10)', 'Ads.z(\"CO2\",28,10)']\n",
    "\n",
    "strategy3 = True"
   ]
  },
  {
   "cell_type": "code",
   "execution_count": 3,
   "id": "44e72140",
   "metadata": {},
   "outputs": [
    {
     "name": "stdout",
     "output_type": "stream",
     "text": [
      "jacobian shape: (1540, 5)\n",
      "jacobian shape: (1540, 5)\n",
      "static Q shape: (11, 110, 5)\n",
      "dynamic Q shape: (550, 5)\n"
     ]
    }
   ],
   "source": [
    "dataObject = DataProcess()\n",
    "\n",
    "# static measurement jacobian\n",
    "if strategy3: \n",
    "    static_ind = [0,1,2,3,4,5,6,7,8,9,10]\n",
    "else:\n",
    "    static_ind = [0,1,2,4,5,6,8,9,10]\n",
    "static_Nt = 110\n",
    "static_jaco = dataObject.read_jaco('./RotaryBed/Q'+str(static_Nt)+'_scale.csv')\n",
    "num_static = len(static_ind)\n",
    "\n",
    "static_Q = []\n",
    "for i in static_ind:\n",
    "    static_Q.append(dataObject.split_jaco(static_jaco, i,static_Nt))\n",
    "\n",
    "    \n",
    "\n",
    "dynamic_ind = [3,7,11,12,13]\n",
    "    \n",
    "dynamic_Nt = 110\n",
    "num_dynamic = len(dynamic_ind)\n",
    "dynamic_jaco = dataObject.read_jaco('./RotaryBed/Q'+str(dynamic_Nt)+'_scale.csv')\n",
    "\n",
    "dynamic_Q = []\n",
    "for i in dynamic_ind:\n",
    "    dynamic_Q.extend(dataObject.split_jaco(dynamic_jaco, i, dynamic_Nt))\n",
    "    \n",
    "print(\"static Q shape:\", np.shape(static_Q))\n",
    "print(\"dynamic Q shape:\", np.shape(dynamic_Q))"
   ]
  },
  {
   "cell_type": "code",
   "execution_count": 4,
   "id": "4c0de7eb",
   "metadata": {},
   "outputs": [
    {
     "name": "stdout",
     "output_type": "stream",
     "text": [
      "561\n"
     ]
    }
   ],
   "source": [
    "static_name = [all_names[i] for i in static_ind]\n",
    "dynamic_name = [all_names[i] for i in dynamic_ind]\n",
    "\n",
    "num_param = 5\n",
    "cost = None\n",
    "\n",
    "num_total = num_static + num_dynamic*dynamic_Nt\n",
    "print(num_total)"
   ]
  },
  {
   "cell_type": "code",
   "execution_count": 5,
   "id": "7df09b33",
   "metadata": {
    "scrolled": true
   },
   "outputs": [
    {
     "name": "stdout",
     "output_type": "stream",
     "text": [
      "(314721, 5, 5)\n"
     ]
    }
   ],
   "source": [
    "calculator = MeasurementOptimizer(static_Q, dynamic_Q, static_Nt, dynamic_Nt, num_param, cost, verbose=True)\n",
    "\n",
    "fim_expect = calculator.fim_computation()\n",
    "\n",
    "print(np.shape(calculator.fim_collection))"
   ]
  },
  {
   "cell_type": "code",
   "execution_count": 6,
   "id": "f1d3a398",
   "metadata": {},
   "outputs": [
    {
     "name": "stdout",
     "output_type": "stream",
     "text": [
      "[[ 4.91708361e+01  2.73111941e+00 -3.69152159e+00  1.20288318e+02\n",
      "  -6.86573068e+01]\n",
      " [ 2.73111941e+00  1.65082572e-01 -2.68109962e-01  7.03578019e+00\n",
      "  -3.85432212e+00]\n",
      " [-3.69152159e+00 -2.68109962e-01  1.49538628e+00 -9.33843707e+00\n",
      "   4.82068751e+00]\n",
      " [ 1.20288318e+02  7.03578019e+00 -9.33843707e+00  3.07301813e+02\n",
      "  -1.70094295e+02]\n",
      " [-6.86573068e+01 -3.85432212e+00  4.82068751e+00 -1.70094295e+02\n",
      "   9.64346075e+01]]\n",
      "det: 0.09544612075380592\n",
      "trace: 454.56772547997997\n",
      "561\n"
     ]
    }
   ],
   "source": [
    "def check_fim(idx):\n",
    "    fim = np.asarray(calculator.Q[idx]).T@np.asarray(calculator.Q[idx])\n",
    "    print(fim)\n",
    "    print(\"det:\", np.linalg.det(fim))\n",
    "    print(\"trace:\", np.trace(fim))\n",
    "    \n",
    "check_fim(3)\n",
    "print(calculator.total_no_measure)"
   ]
  },
  {
   "cell_type": "markdown",
   "id": "51fe1c2d",
   "metadata": {},
   "source": [
    "### Set up grey-box "
   ]
  },
  {
   "cell_type": "code",
   "execution_count": 7,
   "id": "3558af3a",
   "metadata": {},
   "outputs": [],
   "source": [
    "from greybox_generalize import LogDetModel"
   ]
  },
  {
   "cell_type": "code",
   "execution_count": 8,
   "id": "90168a73",
   "metadata": {},
   "outputs": [],
   "source": [
    "def build_model_external(m):\n",
    "    ex_model = LogDetModel(num_para=5)\n",
    "    m.egb = ExternalGreyBoxBlock()\n",
    "    m.egb.set_external_model(ex_model)"
   ]
  },
  {
   "cell_type": "markdown",
   "id": "838bb087",
   "metadata": {},
   "source": [
    "### Reform the inputs"
   ]
  },
  {
   "cell_type": "code",
   "execution_count": 9,
   "id": "2ff6b7b6",
   "metadata": {},
   "outputs": [],
   "source": [
    "if strategy3: \n",
    "    cost = [1000, #ads.gas_inlet.F (0)\n",
    "        1000, #ads.gas_outlet.F (1)\n",
    "         500, #ads.gas_outlet.T (2)\n",
    "        7000, #ads.z_out (3)\n",
    "        1000, #des.gas_inlet.F (4)\n",
    "        1000, #des.gas_outlet.F (5)\n",
    "         500, #des.gas_outlet.T (6)\n",
    "        7000, #des.z_out (7) \n",
    "         1000, #ads.T19 (8)\n",
    "         1000, #ads.T23 (9)\n",
    "         1000 #ads.T28 (10)\n",
    "       ]\n",
    "else:\n",
    "    cost = [1000, #ads.gas_inlet.F (0)\n",
    "        1000, #ads.gas_outlet.F (1)\n",
    "         500, #ads.gas_outlet.T (2)\n",
    "        1000, #des.gas_inlet.F (4)\n",
    "        1000, #des.gas_outlet.F (5)\n",
    "         500, #des.gas_outlet.T (6)\n",
    "         1000, #ads.T19 (8)\n",
    "         1000, #ads.T23 (9)\n",
    "         1000 #ads.T28 (10)\n",
    "       ]\n",
    "\n",
    "for i in range(dynamic_Nt*num_dynamic):\n",
    "    cost.append(100)\n",
    "\n",
    "install_cost_dynamic = [100, 100, 500, 500, 500]\n"
   ]
  },
  {
   "cell_type": "code",
   "execution_count": 10,
   "id": "e3a967c0",
   "metadata": {},
   "outputs": [
    {
     "name": "stdout",
     "output_type": "stream",
     "text": [
      "[[1. 0. 0. 0. 0.]\n",
      " [0. 1. 0. 0. 0.]\n",
      " [0. 0. 1. 0. 0.]\n",
      " [0. 0. 0. 1. 0.]\n",
      " [0. 0. 0. 0. 1.]]\n"
     ]
    }
   ],
   "source": [
    "init_y = np.random.rand(num_total-num_static)\n",
    "\n",
    "update_y = [1]*num_static \n",
    "\n",
    "for i in init_y:\n",
    "    if i > 0.5: \n",
    "        update_y.append(1)\n",
    "    else:\n",
    "        update_y.append(0)\n",
    "\n",
    "init_cov_y = [[0]*num_total for i in range(num_total)]\n",
    "\n",
    "for j in range(num_total):\n",
    "    for k in range(num_total):\n",
    "        if j==k:\n",
    "            init_cov_y[j][k] = update_y[k]\n",
    "            \n",
    "        else:\n",
    "            init_cov_y[j][k] = min(update_y[k], update_y[j])\n",
    "\n",
    "fim_prior = np.identity((5))\n",
    "print(fim_prior)"
   ]
  },
  {
   "cell_type": "code",
   "execution_count": 17,
   "id": "b7683dd7",
   "metadata": {},
   "outputs": [],
   "source": [
    "def compute_FIM(numRes, FIMSet, cost_list, mixed_integer=False,  obj=\"A\", \n",
    "                num_fixed = 9, num_dynamic=5, num_dynamic_t = 100,\n",
    "                num_dynamic_t_name = None, discretize_time = None, end_time=220,\n",
    "                fix=False, sparse=False, manual_number=20, budget=100,\n",
    "               dynamic_install_cost = None, each_manual_number=None):\n",
    "    \n",
    "    m = pyo.ConcreteModel()\n",
    "    \n",
    "    m.NumRes = pyo.Set(initialize=range(numRes))\n",
    "    m.DimFIM = pyo.Set(initialize=range(len(FIMSet[0])))\n",
    "    \n",
    "    # dynamic measurements num \n",
    "    m.DimDynamic = pyo.Set(initialize=range(num_fixed, num_dynamic+num_fixed))\n",
    "    m.DimDynamic_t = pyo.Set(initialize=range(num_dynamic_t))\n",
    "    \n",
    "    dynamic_time = {}\n",
    "    for i in range(num_dynamic_t):\n",
    "        dynamic_time[i] = num_dynamic_t_name[i]\n",
    "    \n",
    "    # set up y and cov y \n",
    "    def identity(m, a, b):\n",
    "        return 1 if a==b else 0\n",
    "    \n",
    "    def initialize(m, a, b):\n",
    "        return init_cov_y[a][b]\n",
    "    \n",
    "    def NumReshalf_init(m):\n",
    "        return ((a,b) for a in m.NumRes for b in range(a, numRes))\n",
    "    \n",
    "    def DimFIMhalf_init(m):\n",
    "        return ((a,b) for a in m.DimFIM for b in range(a, len(FIMSet[0])))\n",
    "    \n",
    "    m.NumRes_half = pyo.Set(dimen=2, initialize=NumReshalf_init)\n",
    "    m.DimFIM_half = pyo.Set(dimen=2, initialize=DimFIMhalf_init)\n",
    "\n",
    "    if mixed_integer:\n",
    "        if sparse:\n",
    "            m.cov_y = pyo.Var(m.NumRes_half, initialize=initialize, bounds=(0,1), within=pyo.Binary)\n",
    "        else:\n",
    "            m.cov_y = pyo.Var(m.NumRes, m.NumRes, initialize=initialize, bounds=(0,1), within=pyo.Binary)\n",
    "    else:\n",
    "        if sparse:\n",
    "            m.cov_y = pyo.Var(m.NumRes_half, initialize=initialize, bounds=(1E-6,1), within=pyo.NonNegativeReals)\n",
    "        else:\n",
    "            m.cov_y = pyo.Var(m.NumRes, m.NumRes, initialize=initialize, bounds=(0,1), within=pyo.NonNegativeReals)\n",
    "    \n",
    "    if fix:\n",
    "        m.cov_y.fix()\n",
    "        \n",
    "    def init_fim(m, p, q):\n",
    "        return fim_prior[p,q]   \n",
    "    \n",
    "    # set up FIM\n",
    "    if sparse:\n",
    "        m.TotalFIM = pyo.Var(m.DimFIM_half, initialize=init_fim)\n",
    "    else:\n",
    "        m.TotalFIM = pyo.Var(m.DimFIM, m.DimFIM, initialize=init_fim)\n",
    "\n",
    "    # compute FIM\n",
    "    def eval_fim(m, a, b):\n",
    "        if a <= b: \n",
    "            summi = 0 \n",
    "            for i in range(numRes):\n",
    "                for j in range(numRes):\n",
    "                    if j>=i:\n",
    "                        summi += m.cov_y[i,j]*FIMSet[i*numRes+j][a][b]\n",
    "                    else:\n",
    "                        summi += m.cov_y[j,i]*FIMSet[i*numRes+j][a][b]\n",
    "            return m.TotalFIM[a,b] == summi\n",
    "        else:\n",
    "            return m.TotalFIM[a,b] == m.TotalFIM[b,a]\n",
    "    \n",
    "    m.TotalDynamic = pyo.Var(initialize=1)\n",
    "    \n",
    "    def total_dynamic(m):\n",
    "        return m.TotalDynamic==sum(m.cov_y[i,i] for i in range(num_fixed, numRes))\n",
    "    \n",
    "    m.manual = pyo.Constraint(rule=total_dynamic)\n",
    "    #m.manual = pyo.Expression(expr=sum(m.cov_y[i,i] for i in range(num_fixed, numRes)))\n",
    "            \n",
    "    # y and conv y constraints\n",
    "    def y_covy1(m, a, b):\n",
    "        if b > a:\n",
    "            return m.cov_y[a, b] <= m.cov_y[a, a]\n",
    "        else:\n",
    "            return pyo.Constraint.Skip\n",
    "        \n",
    "    def y_covy2(m, a, b):\n",
    "        if b > a:\n",
    "            return m.cov_y[a, b] <= m.cov_y[b, b]\n",
    "        else:\n",
    "            return pyo.Constraint.Skip\n",
    "        \n",
    "    def y_covy3(m, a, b):\n",
    "        if b>a:\n",
    "            return m.cov_y[a, b] >= m.cov_y[a, a] + m.cov_y[b, b] - 1\n",
    "        else:\n",
    "            return pyo.Constraint.Skip\n",
    "        \n",
    "    def y_covy4(m, a, b):\n",
    "        if a>b:\n",
    "            return m.cov_y[a, b] == m.cov_y[a, a]*m.cov_y[b,b]\n",
    "        else:\n",
    "            return pyo.Constraint.Skip\n",
    "        \n",
    "    def symmetry(m,a,b):\n",
    "        if a>b:\n",
    "            return m.cov_y[a,b] == m.cov_y[b,a]\n",
    "        else:\n",
    "            return pyo.Constraint.Skip\n",
    "    \n",
    "    def cost_compute(m):\n",
    "        cost = sum(m.cov_y[i,i]*cost_list[i] for i in range(numRes))+sum(m.if_install_dynamic[j]*dynamic_install_cost[j-num_fixed] for j in m.DimDynamic)\n",
    "        return m.cost == cost\n",
    "\n",
    "    def cost_limit(m):\n",
    "        return m.cost <= budget\n",
    "    \n",
    "    def total_dynamic_con(m):\n",
    "        return m.TotalDynamic<=manual_number\n",
    "    \n",
    "    def dynamic_fix_yd(m,i,j):\n",
    "        # map measurement index i to its dynamic_flatten index\n",
    "        start = num_fixed + (i-num_fixed)*num_dynamic_t+j\n",
    "        return m.if_install_dynamic[i] >= m.cov_y[j,j]\n",
    "    \n",
    "    def dynamic_fix_yd_con2(m,i):\n",
    "        start = num_fixed + (i-num_fixed)*num_dynamic_t\n",
    "        end = num_fixed + (i-num_fixed+1)*num_dynamic_t\n",
    "        return m.if_install_dynamic[i] <= sum(m.cov_y[j,j] for j in range(start, end))\n",
    "    \n",
    "    # set up Design criterion\n",
    "    def ComputeTrace(m):\n",
    "        sum_x = sum(m.TotalFIM[j,j] for j in m.DimFIM)\n",
    "        return sum_x\n",
    "    \n",
    "    \n",
    "    # add constraints\n",
    "    if sparse:\n",
    "        m.TotalFIM_con = pyo.Constraint(m.DimFIM_half, rule=eval_fim)\n",
    "    else:\n",
    "        m.TotalFIM_con = pyo.Constraint(m.DimFIM, m.DimFIM, rule=eval_fim)\n",
    "    \n",
    "    if not fix:\n",
    "        \n",
    "        if mixed_integer and not sparse:\n",
    "            m.sym = pyo.Constraint(m.NumRes, m.NumRes, rule=symmetry)\n",
    "        \n",
    "        m.cov1 = pyo.Constraint(m.NumRes, m.NumRes, rule=y_covy1)\n",
    "        m.cov2 = pyo.Constraint(m.NumRes, m.NumRes, rule=y_covy2)\n",
    "        m.cov3 = pyo.Constraint(m.NumRes, m.NumRes, rule=y_covy3)\n",
    "            \n",
    "        m.con_manual = pyo.Constraint(rule=total_dynamic_con)\n",
    "        \n",
    "        # each manual number smaller than 5 \n",
    "        if each_manual_number:\n",
    "            \n",
    "            for i in range(num_dynamic):\n",
    "                def dynamic_manual_num(m):\n",
    "                    start = num_fixed + i*num_dynamic_t\n",
    "                    end = num_fixed + (i+1)*num_dynamic_t\n",
    "                    cost = sum(m.cov_y[j,j] for j in range(start, end))\n",
    "                    return cost <= each_manual_number\n",
    "                \n",
    "                con_name = \"con\"+str(i)\n",
    "                m.add_component(con_name, pyo.Constraint(expr=dynamic_manual_num))\n",
    "                \n",
    "        if discretize_time:\n",
    "            \n",
    "            for i in m.DimDynamic:\n",
    "                for t in range(num_dynamic_t):\n",
    "                    # end time is an open end of the region, so another constraint needs to be added to include end_time\n",
    "                    #if dynamic_time[t]+discretize_time <= end_time+0.1*discretize_time:       \n",
    "                                              \n",
    "                    def discretizer(m):\n",
    "                        sumi = 0\n",
    "\n",
    "                        count = 0 \n",
    "                        while (count+t<num_dynamic_t) and (dynamic_time[count+t]-dynamic_time[t])<discretize_time:\n",
    "                            surro_idx = num_fixed + (i-num_fixed)*num_dynamic_t + t + count\n",
    "                            sumi += m.cov_y[surro_idx, surro_idx]\n",
    "                            count += 1 \n",
    "\n",
    "                        return sumi <= 1 \n",
    "\n",
    "                        #return sum(cov_y[j,j] for j in disc_ind) <= 1 \n",
    "\n",
    "                    con_name=\"con_discreti_\"+str(i)+str(t)\n",
    "                    m.add_component(con_name, pyo.Constraint(expr=discretizer))\n",
    "                    \n",
    "        # dynamic-cost measurements installaction cost \n",
    "        m.if_install_dynamic = pyo.Var(m.DimDynamic, initialize=0, bounds=(0,1.01))\n",
    "        m.dynamic_cost = pyo.Constraint(m.DimDynamic, m.DimDynamic_t, rule=dynamic_fix_yd)\n",
    "        m.dynamic_con2 = pyo.Constraint(m.DimDynamic, rule=dynamic_fix_yd_con2)\n",
    "                \n",
    "        m.cost = pyo.Var(initialize=budget)\n",
    "        m.cost_compute = pyo.Constraint(rule=cost_compute)\n",
    "        m.budget_limit = pyo.Constraint(rule=cost_limit)\n",
    "     \n",
    "    # set objective \n",
    "    if obj == \"A\":\n",
    "        m.Obj = pyo.Objective(rule=ComputeTrace, sense=pyo.maximize)    \n",
    "    elif obj ==\"D\":\n",
    "        \n",
    "        def _model_i(b):\n",
    "            build_model_external(b)\n",
    "        m.my_block = pyo.Block(rule=_model_i)\n",
    "        \n",
    "        for i in m.DimFIM:\n",
    "            for j in range(i, len(FIMSet[0])):\n",
    "                def eq_fim(m):\n",
    "                    return m.TotalFIM[i,j] == m.my_block.egb.inputs['ele_'+str(i)+'_'+str(j)]\n",
    "                \n",
    "                con_name = \"con\"+str(i)+str(j)\n",
    "                m.add_component(con_name, pyo.Constraint(expr=eq_fim))\n",
    "\n",
    "        # add objective to maximize log det\n",
    "        m.Obj = pyo.Objective(expr=m.my_block.egb.outputs['log_det'], sense=pyo.maximize)\n",
    "\n",
    "    \n",
    "    return m "
   ]
  },
  {
   "cell_type": "code",
   "execution_count": 18,
   "id": "de6f6f7b",
   "metadata": {},
   "outputs": [
    {
     "name": "stdout",
     "output_type": "stream",
     "text": [
      "[  2.   4.   6.   8.  10.  12.  14.  16.  18.  20.  22.  24.  26.  28.\n",
      "  30.  32.  34.  36.  38.  40.  42.  44.  46.  48.  50.  52.  54.  56.\n",
      "  58.  60.  62.  64.  66.  68.  70.  72.  74.  76.  78.  80.  82.  84.\n",
      "  86.  88.  90.  92.  94.  96.  98. 100. 102. 104. 106. 108. 110. 112.\n",
      " 114. 116. 118. 120. 122. 124. 126. 128. 130. 132. 134. 136. 138. 140.\n",
      " 142. 144. 146. 148. 150. 152. 154. 156. 158. 160. 162. 164. 166. 168.\n",
      " 170. 172. 174. 176. 178. 180. 182. 184. 186. 188. 190. 192. 194. 196.\n",
      " 198. 200. 202. 204. 206. 208. 210. 212. 214. 216. 218. 220.]\n",
      "{0: 2.0, 1: 4.0, 2: 6.0, 3: 8.0, 4: 10.0, 5: 12.0, 6: 14.0, 7: 16.0, 8: 18.0, 9: 20.0, 10: 22.0, 11: 24.0, 12: 26.0, 13: 28.0, 14: 30.0, 15: 32.0, 16: 34.0, 17: 36.0, 18: 38.0, 19: 40.0, 20: 42.0, 21: 44.0, 22: 46.0, 23: 48.0, 24: 50.0, 25: 52.0, 26: 54.0, 27: 56.0, 28: 58.0, 29: 60.0, 30: 62.0, 31: 64.0, 32: 66.0, 33: 68.0, 34: 70.0, 35: 72.0, 36: 74.0, 37: 76.0, 38: 78.0, 39: 80.0, 40: 82.0, 41: 84.0, 42: 86.0, 43: 88.0, 44: 90.0, 45: 92.0, 46: 94.0, 47: 96.0, 48: 98.0, 49: 100.0, 50: 102.0, 51: 104.0, 52: 106.0, 53: 108.0, 54: 110.0, 55: 112.0, 56: 114.0, 57: 116.0, 58: 118.0, 59: 120.0, 60: 122.0, 61: 124.0, 62: 126.0, 63: 128.0, 64: 130.0, 65: 132.0, 66: 134.0, 67: 136.0, 68: 138.0, 69: 140.0, 70: 142.0, 71: 144.0, 72: 146.0, 73: 148.0, 74: 150.0, 75: 152.0, 76: 154.0, 77: 156.0, 78: 158.0, 79: 160.0, 80: 162.0, 81: 164.0, 82: 166.0, 83: 168.0, 84: 170.0, 85: 172.0, 86: 174.0, 87: 176.0, 88: 178.0, 89: 180.0, 90: 182.0, 91: 184.0, 92: 186.0, 93: 188.0, 94: 190.0, 95: 192.0, 96: 194.0, 97: 196.0, 98: 198.0, 99: 200.0, 100: 202.0, 101: 204.0, 102: 206.0, 103: 208.0, 104: 210.0, 105: 212.0, 106: 214.0, 107: 216.0, 108: 218.0, 109: 220.0}\n"
     ]
    }
   ],
   "source": [
    "if strategy3: \n",
    "    num_fixed_opt = 11 \n",
    "    \n",
    "else:\n",
    "    num_fixed_opt = 9\n",
    "\n",
    "num_dynamic_opt = 5\n",
    "\n",
    "mip_option = False\n",
    "objective = \"D\"\n",
    "sparse_opt = True\n",
    "fix_opt = False\n",
    "\n",
    "each_manual_num = 5\n",
    "total_manual_num = 20\n",
    "budget_opt = 10000  \n",
    "\n",
    "discretize_time = 10\n",
    "num_dynamic_time = np.linspace(2,220,dynamic_Nt)\n",
    "    \n",
    "print(num_dynamic_time)\n",
    "\n",
    "dynamic_time_dict = {}\n",
    "for i, tim in enumerate(num_dynamic_time):\n",
    "    dynamic_time_dict[i] = tim \n",
    "    \n",
    "print(dynamic_time_dict)"
   ]
  },
  {
   "cell_type": "code",
   "execution_count": 19,
   "id": "e3dacab3",
   "metadata": {
    "scrolled": true
   },
   "outputs": [
    {
     "name": "stdout",
     "output_type": "stream",
     "text": [
      "\n",
      " Consider M =\n",
      " [[1. 0. 0. 0. 0.]\n",
      " [0. 1. 0. 0. 0.]\n",
      " [0. 0. 1. 0. 0.]\n",
      " [0. 0. 0. 1. 0.]\n",
      " [0. 0. 0. 0. 1.]]\n",
      "   logdet =  0.0 \n",
      "\n",
      "\n",
      " Consider M =\n",
      " [[ 0.999752    0.01268122 -0.01028599 -0.00200062 -0.00404606]\n",
      " [ 0.01268122  1.0011701  -0.01074376 -0.00913847  0.00385688]\n",
      " [-0.01028599 -0.01074376  0.99927202  0.00107636 -0.00699082]\n",
      " [-0.00200062 -0.00913847  0.00107636  1.00126446 -0.00104839]\n",
      " [-0.00404606  0.00385688 -0.00699082 -0.00104839  0.99836832]]\n",
      "   logdet =  -0.0007249272329535688 \n",
      "\n",
      "\n",
      " Consider M =\n",
      " [[ 1.00240445  0.0154026  -0.01309348 -0.00224828 -0.00259839]\n",
      " [ 0.0154026   1.00139664 -0.01312094 -0.00685113  0.00475089]\n",
      " [-0.01309348 -0.01312094  1.00263747  0.00223885 -0.01043724]\n",
      " [-0.00224828 -0.00685113  0.00223885  1.00905195 -0.00151725]\n",
      " [-0.00259839  0.00475089 -0.01043724 -0.00151725  0.99432734]]\n",
      "   logdet =  0.00898418641204093 \n",
      "\n",
      "\n",
      " Consider M =\n",
      " [[ 1.21316163  0.00940912 -0.07219826 -0.14295337 -0.09688671]\n",
      " [ 0.00940912  1.00949315  0.00210973 -0.28749278  0.02590865]\n",
      " [-0.07219826  0.00210973  1.21674454  0.01091915 -0.07569405]\n",
      " [-0.14295337 -0.28749278  0.01091915  1.09153416 -0.06660103]\n",
      " [-0.09688671  0.02590865 -0.07569405 -0.06660103  1.00323279]]\n",
      "   logdet =  0.3728684549209183 \n",
      "\n",
      "\n",
      " Consider M =\n",
      " [[ 2.40731471  0.07269098 -0.76065914  0.2478947  -0.8351878 ]\n",
      " [ 0.07269098  1.03380475 -0.0631898   0.13392807  0.10320544]\n",
      " [-0.76065914 -0.0631898   2.53980028 -0.00963677 -0.64710727]\n",
      " [ 0.2478947   0.13392807 -0.00963677  1.35836431  0.33157701]\n",
      " [-0.8351878   0.10320544 -0.64710727  0.33157701  2.52841335]]\n",
      "   logdet =  2.5602473011410365 \n",
      "\n",
      "\n",
      " Consider M =\n",
      " [[ 3.17254573  0.10452252  0.23611839 -1.63813034 -1.05214227]\n",
      " [ 0.10452252  1.12520521  0.12831338  0.51465231 -0.15700554]\n",
      " [ 0.23611839  0.12831338  2.54020961 -1.01890216 -1.25022129]\n",
      " [-1.63813034  0.51465231 -1.01890216  5.45590218 -1.47769549]\n",
      " [-1.05214227 -0.15700554 -1.25022129 -1.47769549  5.87316354]]\n",
      "   logdet =  4.8228156691748705 \n",
      "\n",
      "\n",
      " Consider M =\n",
      " [[ 3.42244172 -0.04148107  0.25380172 -1.57726329 -1.15890538]\n",
      " [-0.04148107  1.12639086  0.18878856  0.38151479  0.11375046]\n",
      " [ 0.25380172  0.18878856  2.83657614 -0.31911795 -1.3268054 ]\n",
      " [-1.57726329  0.38151479 -0.31911795  6.14458122 -1.77818048]\n",
      " [-1.15890538  0.11375046 -1.3268054  -1.77818048  5.82680359]]\n",
      "   logdet =  5.346626149111167 \n",
      "\n",
      "\n",
      " Consider M =\n",
      " [[14.33683601 -0.27599965 -9.24231317  0.05801375 11.98687593]\n",
      " [-0.27599965  1.18303015  0.34497896 -1.25665934  2.05117093]\n",
      " [-9.24231317  0.34497896 12.30131708 -3.72167913 -6.00943624]\n",
      " [ 0.05801375 -1.25665934 -3.72167913  1.32596426 -0.91435094]\n",
      " [11.98687593  2.05117093 -6.00943624 -0.91435094  6.84351578]]\n",
      "   logdet =  7.016728544913 \n",
      "\n",
      "\n",
      " Consider M =\n",
      " [[ 12.27594442  -0.60881072 -10.99362875  16.96973327  20.41811413]\n",
      " [ -0.60881072   1.26739693   0.50233466  -3.58093686   2.11955828]\n",
      " [-10.99362875   0.50233466  19.67875806  -9.00647618 -13.37742961]\n",
      " [ 16.96973327  -3.58093686  -9.00647618  -7.34065349 -17.71742998]\n",
      " [ 20.41811413   2.11955828 -13.37742961 -17.71742998   8.58017338]]\n",
      "   logdet =  10.761980838724998 \n",
      "\n",
      "\n",
      " Consider M =\n",
      " [[ 11.92988132  -0.41552618 -11.56817948  19.39189143  20.73056745]\n",
      " [ -0.41552618   1.32932775   0.64569042  -3.52138882   1.75359938]\n",
      " [-11.56817948   0.64569042  20.86684803  -8.91919847 -13.8249862 ]\n",
      " [ 19.39189143  -3.52138882  -8.91919847  -8.66412468 -21.11165837]\n",
      " [ 20.73056745   1.75359938 -13.8249862  -21.11165837   8.51069564]]\n",
      "   logdet =  11.973112760124824 \n",
      "\n",
      "\n",
      " Consider M =\n",
      " [[ 11.67176986  -0.49767461 -12.19066114  19.3951181   20.67578907]\n",
      " [ -0.49767461   1.36808451   0.62234743  -3.46974929   1.79929935]\n",
      " [-12.19066114   0.62234743  21.09405488  -8.52418155 -13.63014181]\n",
      " [ 19.3951181   -3.46974929  -8.52418155  -8.63340786 -21.49398471]\n",
      " [ 20.67578907   1.79929935 -13.63014181 -21.49398471   8.23956104]]\n",
      "   logdet =  11.98543514422526 \n",
      "\n",
      "\n",
      " Consider M =\n",
      " [[ 14.28827486  -0.77385589 -15.72543399  15.56757676  19.23300944]\n",
      " [ -0.77385589   1.45395051   1.27748352  -3.89953891   1.28709027]\n",
      " [-15.72543399   1.27748352  24.68639585  -4.0313798  -13.41513554]\n",
      " [ 15.56757676  -3.89953891  -4.0313798  -12.04696212 -24.13786791]\n",
      " [ 19.23300944   1.28709027 -13.41513554 -24.13786791   9.21915867]]\n",
      "   logdet =  12.04631196850636 \n",
      "\n",
      "\n",
      " Consider M =\n",
      " [[ 14.32905445  -0.77786702 -15.77942873  15.51509537  19.22288131]\n",
      " [ -0.77786702   1.45456778   1.28773785  -3.90509987   1.27805736]\n",
      " [-15.77942873   1.28773785  24.74733421  -3.97434895 -13.41718458]\n",
      " [ 15.51509537  -3.90509987  -3.97434895 -12.09359099 -24.17428665]\n",
      " [ 19.22288131   1.27805736 -13.41718458 -24.17428665   9.22671864]]\n",
      "   logdet =  12.047741202026536 \n",
      "\n",
      "\n",
      " Consider M =\n",
      " [[ 14.33928907  -0.77827095 -15.79583106  15.49538104  19.22233624]\n",
      " [ -0.77827095   1.45485221   1.28949843  -3.90550027   1.27682276]\n",
      " [-15.79583106   1.28949843  24.76838164  -3.95169296 -13.42155284]\n",
      " [ 15.49538104  -3.90550027  -3.95169296 -12.1108974  -24.1870528 ]\n",
      " [ 19.22233624   1.27682276 -13.42155284 -24.1870528    9.23142468]]\n",
      "   logdet =  12.048171581614957 \n",
      "\n",
      "\n",
      " Consider M =\n",
      " [[ 14.4655315   -0.42036955 -15.86410645  15.59337575  19.05277765]\n",
      " [ -0.42036955   1.6616243    1.35951296  -3.26421838   0.71176973]\n",
      " [-15.86410645   1.35951296  24.94958019  -3.92717452 -13.51619934]\n",
      " [ 15.59337575  -3.26421838  -3.92717452 -12.05326226 -24.38936517]\n",
      " [ 19.05277765   0.71176973 -13.51619934 -24.38936517   9.28781246]]\n",
      "   logdet =  12.582392793520775 \n",
      "\n",
      "\n",
      " Consider M =\n",
      " [[ 14.49813348  -0.41479835 -15.95168273  15.56872619  19.01234369]\n",
      " [ -0.41479835   1.66626361   1.36271409  -3.30350016   0.71226076]\n",
      " [-15.95168273   1.36271409  25.03772614  -3.85462276 -13.53719583]\n",
      " [ 15.56872619  -3.30350016  -3.85462276 -12.02565649 -24.4093474 ]\n",
      " [ 19.01234369   0.71226076 -13.53719583 -24.4093474    9.34917065]]\n",
      "   logdet =  12.582386106170762 \n",
      "\n",
      "\n",
      " Consider M =\n",
      " [[ 78.72525341  -2.64593953 -61.4814209   62.17858005  24.28620249]\n",
      " [ -2.64593953   1.61330535   2.82755055 -10.26804449   1.03308044]\n",
      " [-61.4814209    2.82755055  64.45272871 -45.91441829 -21.71150277]\n",
      " [ 62.17858005 -10.26804449 -45.91441829   6.79004073  -8.62512993]\n",
      " [ 24.28620249   1.03308044 -21.71150277  -8.62512993   9.43869789]]\n",
      "   logdet =  12.677121878445062 \n",
      "\n",
      "\n",
      " Consider M =\n",
      " [[104.01277548  -3.66632339 -84.2172727   70.73875775  22.04233744]\n",
      " [ -3.66632339   1.48816607   3.75279872 -12.43522731   1.11935304]\n",
      " [-84.2172727    3.75279872  88.1598226  -66.4945059  -23.87562678]\n",
      " [ 70.73875775 -12.43522731 -66.4945059    5.94512994  -5.04287414]\n",
      " [ 22.04233744   1.11935304 -23.87562678  -5.04287414  12.59287662]]\n",
      "   logdet =  13.820706392884546 \n",
      "\n",
      "\n",
      " Consider M =\n",
      " [[118.58050897  -4.04750193 -96.95001897  73.9198238   20.50374075]\n",
      " [ -4.04750193   1.40622747   4.14094938 -13.47010827   1.23815165]\n",
      " [-96.95001897   4.14094938 102.41776716 -75.97955347 -26.12813546]\n",
      " [ 73.9198238  -13.47010827 -75.97955347   5.15096208  -2.2729844 ]\n",
      " [ 20.50374075   1.23815165 -26.12813546  -2.2729844   15.32781161]]\n",
      "   logdet =  14.411466041382877 \n",
      "\n",
      "\n",
      " Consider M =\n",
      " [[ 130.11576801   -4.02222343 -108.39663996   72.01485494   22.73502234]\n",
      " [  -4.02222343    1.40162989    3.97935409  -12.42026459    1.31993084]\n",
      " [-108.39663996    3.97935409  116.23768126  -83.90012541  -30.60536604]\n",
      " [  72.01485494  -12.42026459  -83.90012541   -1.45931481    5.37914642]\n",
      " [  22.73502234    1.31993084  -30.60536604    5.37914642   17.9558104 ]]\n",
      "   logdet =  14.783675802275816 \n",
      "\n",
      "\n",
      " Consider M =\n",
      " [[ 190.83860085   -8.04940085 -154.65843853   98.41283596   23.24728458]\n",
      " [  -8.04940085    1.46302539    6.41123724  -14.29227258    1.97626363]\n",
      " [-154.65843853    6.41123724  154.88990578 -117.74217888  -32.61814012]\n",
      " [  98.41283596  -14.29227258 -117.74217888   -1.04489696    5.26169798]\n",
      " [  23.24728458    1.97626363  -32.61814012    5.26169798   21.99493946]]\n",
      "   logdet =  15.684255678685421 \n",
      "\n",
      "\n",
      " Consider M =\n",
      " [[ 192.78363842   -8.11520368 -155.75816934   98.54839067   22.64053429]\n",
      " [  -8.11520368    1.47200193    6.43929026  -14.02850423    2.00755848]\n",
      " [-155.75816934    6.43929026  156.05585097 -118.79843673  -33.0306118 ]\n",
      " [  98.54839067  -14.02850423 -118.79843673   -1.18966435    8.19420727]\n",
      " [  22.64053429    2.00755848  -33.0306118     8.19420727   22.75441567]]\n",
      "   logdet =  15.751654928956341 \n",
      "\n"
     ]
    },
    {
     "name": "stdout",
     "output_type": "stream",
     "text": [
      "\n",
      " Consider M =\n",
      " [[ 247.50803909   -9.17455948 -192.18459287  142.0347266     8.53722642]\n",
      " [  -9.17455948    1.49377725    6.08453041  -11.85980668    3.01861695]\n",
      " [-192.18459287    6.08453041  179.2560911  -168.55603313  -24.35004192]\n",
      " [ 142.0347266   -11.85980668 -168.55603313   20.15623923   43.27847854]\n",
      " [   8.53722642    3.01861695  -24.35004192   43.27847854   24.09931345]]\n",
      "   logdet =  16.73956066825736 \n",
      "\n",
      "\n",
      " Consider M =\n",
      " [[ 267.17106136   -9.42231926 -234.99182606  224.86541658   27.30321465]\n",
      " [  -9.42231926    1.40394539    6.35813767  -12.95592667    2.5870686 ]\n",
      " [-234.99182606    6.35813767  238.46777532 -311.31936967  -45.06598747]\n",
      " [ 224.86541658  -12.95592667 -311.31936967  328.13583363   95.77045499]\n",
      " [  27.30321465    2.5870686   -45.06598747   95.77045499   35.12228815]]\n",
      "   logdet =  17.710837183997036 \n",
      "\n",
      "\n",
      " Consider M =\n",
      " [[ 295.36083073   -9.81250119 -237.69385315  261.35453727    7.64054669]\n",
      " [  -9.81250119    1.18844484    5.82393952  -13.65667627    4.06972133]\n",
      " [-237.69385315    5.82393952  240.21400171 -358.52940647  -42.42780728]\n",
      " [ 261.35453727  -13.65667627 -358.52940647  514.88477256  122.34059259]\n",
      " [   7.64054669    4.06972133  -42.42780728  122.34059259   43.02208211]]\n",
      "   logdet =  17.634852983783325 \n",
      "\n",
      "\n",
      " Consider M =\n",
      " [[ 332.28563293  -10.78884964 -248.94117742  304.39763248   -8.00727052]\n",
      " [ -10.78884964    0.91836088    5.90039102  -14.11956246    5.54502428]\n",
      " [-248.94117742    5.90039102  255.49895062 -427.95036778  -46.44643379]\n",
      " [ 304.39763248  -14.11956246 -427.95036778  775.85370664  157.82137486]\n",
      " [  -8.00727052    5.54502428  -46.44643379  157.82137486   55.8765082 ]]\n",
      "   logdet =  17.836034525478134 \n",
      "\n",
      "\n",
      " Consider M =\n",
      " [[ 332.30810236  -10.73215604 -247.92969122  305.05953638   -8.3003364 ]\n",
      " [ -10.73215604    0.89991445    5.91781375  -14.39946059    5.6279392 ]\n",
      " [-247.92969122    5.91781375  254.77925472 -427.77175884  -46.37281093]\n",
      " [ 305.05953638  -14.39946059 -427.77175884  775.96554564  158.06141661]\n",
      " [  -8.3003364     5.6279392   -46.37281093  158.06141661   55.50167367]]\n",
      "   logdet =  17.887323671288524 \n",
      "\n",
      "\n",
      " Consider M =\n",
      " [[ 330.31477437  -10.19363024 -240.56865853  314.88358314  -12.89384983]\n",
      " [ -10.19363024    0.89386488    5.37819016  -14.01206618    6.12360808]\n",
      " [-240.56865853    5.37819016  249.59493501 -419.8682061   -45.87860798]\n",
      " [ 314.88358314  -14.01206618 -419.8682061   779.19289796  159.44256256]\n",
      " [ -12.89384983    6.12360808  -45.87860798  159.44256256   51.61906368]]\n",
      "   logdet =  18.32467281060949 \n",
      "\n",
      "\n",
      " Consider M =\n",
      " [[ 325.95110668   -9.38484508 -227.79165975  318.67208984  -24.97266419]\n",
      " [  -9.38484508    0.89230837    4.84329106  -12.21206952    6.27087966]\n",
      " [-227.79165975    4.84329106  233.96252225 -399.45829921  -39.70161417]\n",
      " [ 318.67208984  -12.21206952 -399.45829921  793.40709493  147.57834501]\n",
      " [ -24.97266419    6.27087966  -39.70161417  147.57834501   53.03118148]]\n",
      "   logdet =  18.457921216274357 \n",
      "\n",
      "\n",
      " Consider M =\n",
      " [[ 321.02573096   -9.00250372 -217.93253953  316.97503954  -30.30249449]\n",
      " [  -9.00250372    0.91380305    4.81112014  -10.57755974    6.03806744]\n",
      " [-217.93253953    4.81112014  222.48017332 -378.36961783  -38.48736986]\n",
      " [ 316.97503954  -10.57755974 -378.36961783  812.93837096  139.50053609]\n",
      " [ -30.30249449    6.03806744  -38.48736986  139.50053609   54.96986355]]\n",
      "   logdet =  18.523662245650797 \n",
      "\n",
      "\n",
      " Consider M =\n",
      " [[ 295.56221839   -7.82671258 -189.88601651  303.91113253  -39.06065493]\n",
      " [  -7.82671258    0.87336888    4.22476906   -8.20609359    5.59436867]\n",
      " [-189.88601651    4.22476906  197.47681164 -344.61616094  -37.15586294]\n",
      " [ 303.91113253   -8.20609359 -344.61616094  853.11643577  118.14684111]\n",
      " [ -39.06065493    5.59436867  -37.15586294  118.14684111   61.35265203]]\n",
      "   logdet =  18.36634495825501 \n",
      "\n",
      "\n",
      " Consider M =\n",
      " [[ 2.79942043e+02 -7.24202636e+00 -1.74826061e+02  3.09451776e+02\n",
      "  -4.52430810e+01]\n",
      " [-7.24202636e+00  8.74621119e-01  3.82123619e+00 -6.03822898e+00\n",
      "   5.18354347e+00]\n",
      " [-1.74826061e+02  3.82123619e+00  1.81335953e+02 -3.16987738e+02\n",
      "  -3.58945030e+01]\n",
      " [ 3.09451776e+02 -6.03822898e+00 -3.16987738e+02  8.87023829e+02\n",
      "   8.99109896e+01]\n",
      " [-4.52430810e+01  5.18354347e+00 -3.58945030e+01  8.99109896e+01\n",
      "   6.75434784e+01]]\n",
      "   logdet =  18.089358165613245 \n",
      "\n",
      "\n",
      " Consider M =\n",
      " [[ 2.18656869e+02 -4.24441223e+00 -1.13083701e+02  2.84430671e+02\n",
      "  -5.92074440e+01]\n",
      " [-4.24441223e+00  8.81154748e-01  2.65186995e+00  6.60225209e-01\n",
      "   3.78545143e+00]\n",
      " [-1.13083701e+02  2.65186995e+00  1.27549076e+02 -2.47444364e+02\n",
      "  -3.21206536e+01]\n",
      " [ 2.84430671e+02  6.60225209e-01 -2.47444364e+02  1.03387967e+03\n",
      "   3.52935187e+01]\n",
      " [-5.92074440e+01  3.78545143e+00 -3.21206536e+01  3.52935187e+01\n",
      "   7.70323505e+01]]\n",
      "   logdet =  17.571465882099474 \n",
      "\n",
      "\n",
      " Consider M =\n",
      " [[ 2.18657684e+02 -4.24527740e+00 -1.13084277e+02  2.84424227e+02\n",
      "  -5.92071307e+01]\n",
      " [-4.24527740e+00  8.81022150e-01  2.65204920e+00  6.58990173e-01\n",
      "   3.78634493e+00]\n",
      " [-1.13084277e+02  2.65204920e+00  1.27550438e+02 -2.47445923e+02\n",
      "  -3.21209667e+01]\n",
      " [ 2.84424227e+02  6.58990173e-01 -2.47445923e+02  1.03388623e+03\n",
      "   3.53028726e+01]\n",
      " [-5.92071307e+01  3.78634493e+00 -3.21209667e+01  3.53028726e+01\n",
      "   7.70318116e+01]]\n",
      "   logdet =  17.57201618569362 \n",
      "\n",
      "\n",
      " Consider M =\n",
      " [[ 2.20938246e+02 -4.31262510e+00 -1.14814266e+02  2.88372758e+02\n",
      "  -5.93552459e+01]\n",
      " [-4.31262510e+00  8.74914762e-01  2.67171749e+00  5.97671258e-01\n",
      "   3.85066128e+00]\n",
      " [-1.14814266e+02  2.67171749e+00  1.28966589e+02 -2.50971798e+02\n",
      "  -3.20130409e+01]\n",
      " [ 2.88372758e+02  5.97671258e-01 -2.50971798e+02  1.04496573e+03\n",
      "   3.55714718e+01]\n",
      " [-5.93552459e+01  3.85066128e+00 -3.20130409e+01  3.55714718e+01\n",
      "   7.70454526e+01]]\n",
      "   logdet =  17.616581255628166 \n",
      "\n",
      "\n",
      " Consider M =\n",
      " [[ 2.24538706e+02 -4.71920876e+00 -1.16581898e+02  2.89542151e+02\n",
      "  -5.97945693e+01]\n",
      " [-4.71920876e+00  8.36536576e-01  2.73238747e+00  8.67212953e-02\n",
      "   4.35338979e+00]\n",
      " [-1.16581898e+02  2.73238747e+00  1.31620347e+02 -2.56720473e+02\n",
      "  -3.26584931e+01]\n",
      " [ 2.89542151e+02  8.67212953e-02 -2.56720473e+02  1.06374405e+03\n",
      "   4.19962162e+01]\n",
