{
 "cells": [
  {
   "cell_type": "code",
   "execution_count": 1,
   "id": "597f749d",
   "metadata": {},
   "outputs": [],
   "source": [
    "import numpy as np\n",
    "import pandas as pd\n",
    "import pyomo.environ as pyo\n",
    "from measure_optimize import MeasurementOptimizer, DataProcess \n",
    "import matplotlib.pyplot as plt\n",
    "import pickle \n",
    "import idaes"
   ]
  },
  {
   "cell_type": "markdown",
   "id": "e70ab310",
   "metadata": {},
   "source": [
    "## Input Setting\n",
    "\n",
    "### All measurements and index\n",
    "\n",
    "- ads.gas_inlet.F (0)\n",
    "- ads.gas_outlet.F (1)\n",
    "- ads.gas_outlet.T (2)\n",
    "- ads.gas_outlet.z (3)\n",
    "- des.gas_inlet.F (4)\n",
    "- des.gas_outlet.F (5)\n",
    "- des.gas_outlet.T (6)\n",
    "- des.gas_outlet.z (7)\n",
    "- ads.T19 (8)\n",
    "- ads.T23 (9)\n",
    "- ads.T28 (10)\n",
    "- ads.z19 (11)\n",
    "- ads.z23 (12)\n",
    "- ads.z28 (13)\n",
    "\n",
    "One-time cost ones: 0,1,2, 4,5,6, 8,9,10\n",
    "\n",
    "Time-cost ones: 3,7,11,12,13"
   ]
  },
  {
   "cell_type": "code",
   "execution_count": 2,
   "id": "654515ec",
   "metadata": {},
   "outputs": [],
   "source": [
    "strategy3 = True"
   ]
  },
  {
   "cell_type": "code",
   "execution_count": 3,
   "id": "d1e2f0c8",
   "metadata": {},
   "outputs": [],
   "source": [
    "all_names = ['Ads.gas_inlet.F', 'Ads.gas_outlet.F', 'Ads.gas_outlet.T', \n",
    "             'Ads.gas_outlet.z(\"CO2\")', 'Des.gas_inlet.F', 'Des.gas_outlet.F', \n",
    "             'Des.gas_outlet.T', 'Des.gas_outlet.z(\"CO2\")', 'Ads.T_g.Value(19,10)', \n",
    "             'Ads.T_g.Value(23,10)', 'Ads.T_g.Value(28,10)', 'Ads.z(\"CO2\",19,10)', \n",
    "             'Ads.z(\"CO2\",23,10)', 'Ads.z(\"CO2\",28,10)']"
   ]
  },
  {
   "cell_type": "code",
   "execution_count": 4,
   "id": "e7f000c7",
   "metadata": {},
   "outputs": [],
   "source": [
    "Nt =110\n",
    "\n",
    "if strategy3:\n",
    "    static_ind = [0,1,2,3,4,5,6,7,8,9,10]\n",
    "    dynamic_ind = [3,7,11,12,13]\n",
    "\n",
    "else:\n",
    "    static_ind = [0,1,2,4,5,6,8,9,10]\n",
    "    dynamic_ind = [3,7,11,12,13]"
   ]
  },
  {
   "cell_type": "code",
   "execution_count": 5,
   "id": "44e72140",
   "metadata": {},
   "outputs": [
    {
     "name": "stdout",
     "output_type": "stream",
     "text": [
      "jacobian shape: (1540, 5)\n"
     ]
    }
   ],
   "source": [
    "dataObject = DataProcess()\n",
    "dataObject.read_jaco('./RotaryBed/Q'+str(Nt)+'_scale.csv')\n",
    "Q = dataObject.stack_Q(static_ind, dynamic_ind, Nt)\n"
   ]
  },
  {
   "cell_type": "code",
   "execution_count": 6,
   "id": "4c0de7eb",
   "metadata": {},
   "outputs": [
    {
     "name": "stdout",
     "output_type": "stream",
     "text": [
      "['Ads.gas_inlet.F', 'Ads.gas_outlet.F', 'Ads.gas_outlet.T', 'Ads.gas_outlet.z(\"CO2\")', 'Des.gas_inlet.F', 'Des.gas_outlet.F', 'Des.gas_outlet.T', 'Des.gas_outlet.z(\"CO2\")', 'Ads.T_g.Value(19,10)', 'Ads.T_g.Value(23,10)', 'Ads.T_g.Value(28,10)', 'Ads.gas_outlet.z(\"CO2\")', 'Des.gas_outlet.z(\"CO2\")', 'Ads.z(\"CO2\",19,10)', 'Ads.z(\"CO2\",23,10)', 'Ads.z(\"CO2\",28,10)']\n"
     ]
    }
   ],
   "source": [
    "static_name = [all_names[i] for i in static_ind]\n",
    "dynamic_name = [all_names[i] for i in dynamic_ind]\n",
    "\n",
    "if strategy3:\n",
    "    static_idx_upd = [0,1,2,3,4,5,6,7,8,9,10]\n",
    "    dynamic_idx_upd = [9,10,11,12,13]\n",
    "else:\n",
    "    static_idx_upd = [0,1,2,3,4,5,6,7,8]\n",
    "    dynamic_idx_upd = [9,10,11,12,13]\n",
    "\n",
    "num_param = 5\n",
    "\n",
    "measure_names = static_name + dynamic_name\n",
    "print(measure_names)"
   ]
  },
  {
   "cell_type": "code",
   "execution_count": 7,
   "id": "7df09b33",
   "metadata": {
    "scrolled": true
   },
   "outputs": [
    {
     "name": "stdout",
     "output_type": "stream",
     "text": [
      "(314721, 5, 5)\n"
     ]
    }
   ],
   "source": [
    "calculator = MeasurementOptimizer(Q, static_idx_upd, dynamic_idx_upd, \n",
    "                                  num_param, measure_names=measure_names, verbose=True)\n",
    "\n",
    "fim_expect = calculator.fim_computation()\n",
    "\n",
    "print(np.shape(calculator.fim_collection))"
   ]
  },
  {
   "cell_type": "code",
   "execution_count": null,
   "id": "857bcbdc",
   "metadata": {},
   "outputs": [],
   "source": [
    "print(calculator.fim_collection[0])"
   ]
  },
  {
   "cell_type": "code",
   "execution_count": null,
   "id": "6dee81bc",
   "metadata": {},
   "outputs": [],
   "source": [
    "def check(fim_set):\n",
    "    for i in range(num_total):\n",
    "        for j in range(num_total):\n",
    "            fim = fim_set[i*num_total+j]\n",
    "            if np.any(fim):\n",
    "                logdet = np.log(np.linalg.det(fim))\n",
    "                if logdet < 0:\n",
    "                    print(\"unit FIM with small Det: \", i, j, ', logdet:', logdet)\n",
    "                if max(np.linalg.eigvals(fim))/min(np.linalg.eigvals(fim)) > 1000:\n",
    "                    print(\"unit FIM with big condition number:\", i, j, \", eigvals:\", np.linalg.eigvals(fim))\n",
    "num_total = 121"
   ]
  },
  {
   "cell_type": "code",
   "execution_count": null,
   "id": "b0026943",
   "metadata": {},
   "outputs": [],
   "source": [
    "def print_fim(t):\n",
    "    fim = calculator.fim_collection[t*num_total+t]\n",
    "    print(fim)\n",
    "    print(np.linalg.eigvals(fim))\n",
    "\n",
    "total_fim = np.zeros((5,5))\n",
    "for i in range(314721):\n",
    "    total_fim += calculator.fim_collection[i]\n",
    "print(total_fim)"
   ]
  },
  {
   "cell_type": "code",
   "execution_count": null,
   "id": "b92dcded",
   "metadata": {
    "scrolled": false
   },
   "outputs": [],
   "source": [
    "#check(calculator.fim_collection)"
   ]
  },
  {
   "cell_type": "markdown",
   "id": "838bb087",
   "metadata": {},
   "source": [
    "### Reform the inputs"
   ]
  },
  {
   "cell_type": "code",
   "execution_count": 8,
   "id": "191fcf09",
   "metadata": {},
   "outputs": [],
   "source": [
    "num_static = len(static_ind)\n",
    "num_dynamic  = len(dynamic_ind)\n",
    "num_total = num_static + num_dynamic*Nt"
   ]
  },
  {
   "cell_type": "code",
   "execution_count": 9,
   "id": "2ff6b7b6",
   "metadata": {},
   "outputs": [],
   "source": [
    "if strategy3:\n",
    "    cost = [1000, #ads.gas_inlet.F (0)\n",
    "        1000, #ads.gas_outlet.F (1)\n",
    "         500, #ads.gas_outlet.T (2)\n",
    "        7000,\n",
    "        1000, #des.gas_inlet.F (4)\n",
    "        1000, #des.gas_outlet.F (5)\n",
    "         500, #des.gas_outlet.T (6)\n",
    "        7000,\n",
    "         1000, #ads.T19 (8)\n",
    "         1000, #ads.T23 (9)\n",
    "         1000 #ads.T28 (10)\n",
    "       ]\n",
    "else:\n",
    "    cost = [1000, #ads.gas_inlet.F (0)\n",
    "        1000, #ads.gas_outlet.F (1)\n",
    "         500, #ads.gas_outlet.T (2)\n",
    "        1000, #des.gas_inlet.F (4)\n",
    "        1000, #des.gas_outlet.F (5)\n",
    "         500, #des.gas_outlet.T (6)\n",
    "         1000, #ads.T19 (8)\n",
    "         1000, #ads.T23 (9)\n",
    "         1000 #ads.T28 (10)\n",
    "       ]\n",
    "\n",
    "for i in range(Nt*num_dynamic):\n",
    "    cost.append(100)\n",
    "\n",
    "install_cost_dynamic = [100, 100, 500, 500, 500]"
   ]
  },
  {
   "cell_type": "code",
   "execution_count": 10,
   "id": "3ca5fe6e",
   "metadata": {},
   "outputs": [
    {
     "name": "stdout",
     "output_type": "stream",
     "text": [
      "27700\n"
     ]
    }
   ],
   "source": [
    "print(sum(cost[:11])+sum(install_cost_dynamic)+20*200)"
   ]
  },
  {
   "cell_type": "code",
   "execution_count": 12,
   "id": "0ec87fc3",
   "metadata": {},
   "outputs": [
    {
     "name": "stdout",
     "output_type": "stream",
     "text": [
      "[[1. 0. 1. ... 0. 0. 0.]\n",
      " [0. 0. 0. ... 0. 0. 0.]\n",
      " [1. 0. 1. ... 0. 0. 0.]\n",
      " ...\n",
      " [0. 0. 0. ... 0. 0. 0.]\n",
      " [0. 0. 0. ... 0. 0. 0.]\n",
      " [0. 0. 0. ... 0. 0. 0.]]\n"
     ]
    }
   ],
   "source": [
    "with open('Mar20_A_110_20000_strategy3_mip', 'rb') as f:\n",
    "    x = pickle.load(f)\n",
    "    \n",
    "print(x)\n",
    "\n",
    "init_cov_y = x.copy()\n",
    "\n",
    "for i in range(11):\n",
    "    init_cov_y[i,i] = 1"
   ]
  },
  {
   "cell_type": "code",
   "execution_count": 32,
   "id": "5097afb6",
   "metadata": {},
   "outputs": [],
   "source": [
    "# initialize all decisions\n",
    "#init_cov_y = np.ones(x.shape) "
   ]
  },
  {
   "cell_type": "code",
   "execution_count": 33,
   "id": "e3a967c0",
   "metadata": {},
   "outputs": [
    {
     "name": "stdout",
     "output_type": "stream",
     "text": [
      "[[ 5.54781941e+03 -2.79896951e+00 -4.14297808e+03  1.09902329e+04\n",
      "  -4.94072165e+02]\n",
      " [-2.79896951e+00  5.20826025e+00  7.60848042e+00  5.06824563e+01\n",
      "  -1.04261168e+01]\n",
      " [-4.14297808e+03  7.60848042e+00  3.32483923e+03 -8.52165366e+03\n",
      "   1.68122219e+02]\n",
      " [ 1.09902329e+04  5.06824563e+01 -8.52165366e+03  2.52864273e+04\n",
      "  -8.96811655e+02]\n",
      " [-4.94072165e+02 -1.04261168e+01  1.68122219e+02 -8.96811655e+02\n",
      "   3.67315096e+02]]\n"
     ]
    }
   ],
   "source": [
    "#with open('strategy3_all_covy', 'rb') as f:\n",
    "with open('FIM_strategy3_A_110_20000', 'rb') as f:\n",
    "    fim_prior = pickle.load(f)\n",
    "    \n",
    "print(fim_prior)"
   ]
  },
  {
   "cell_type": "code",
   "execution_count": null,
   "id": "db28bc55",
   "metadata": {},
   "outputs": [],
   "source": [
    "sol = x.diagonal()\n",
    "\n",
    "num_time = 110\n",
    "num_measure = 16\n",
    "num_static = 11\n",
    "sol_2d = np.zeros((num_measure,num_time))\n",
    "\n",
    "for i in range(num_measure):\n",
    "    for j in range(num_time):\n",
    "        if i<num_static:\n",
    "            sol_2d[i,j] = sol[i]\n",
    "        else:\n",
    "            #print((i-num_static)*num_time+j)\n",
    "            sol_2d[i,j] = sol[(i-num_static)*num_time+j+num_static]\n",
    "            \n",
    "print(sol_2d)\n",
    "\n",
    "# Reorganize sol_2d, so that static and dynamic z are together \n",
    "sol_2d_reorg = []\n",
    "static_idx = [3,7]\n",
    "\n",
    "for i in range(11):\n",
    "    if i not in static_idx:\n",
    "        sol_2d_reorg.append(sol_2d[i])\n",
    "    \n",
    "sol_2d_reorg.append(sol_2d[3])\n",
    "sol_2d_reorg.append(sol_2d[7])\n",
    "\n",
    "for j in range(11,16):\n",
    "    sol_2d_reorg.append(sol_2d[j])\n",
    "    \n",
    "sol_2d_reorg = np.asarray(sol_2d_reorg)\n",
    "#sol_2d = sol_2d[:3,:]+sol_2d[4:7,:]+sol_2d[8:11,:]+sol_2d[3,:]+sol_2d[7,:]+sol_2d[11:,:]\n",
    "\n",
    "print(sol[:11])\n",
    "print(sol[11:121])\n",
    "print(sol_2d_reorg[11])"
   ]
  },
  {
   "cell_type": "code",
   "execution_count": 34,
   "id": "de6f6f7b",
   "metadata": {},
   "outputs": [],
   "source": [
    "if strategy3:\n",
    "    num_fixed_opt = 11\n",
    "else:\n",
    "    num_fixed_opt = 9\n",
    "\n",
    "num_dynamic_opt = 5\n",
    "\n",
    "mip_option = False\n",
    "objective = \"D\"\n",
    "sparse_opt = True\n",
    "fix_opt = False\n",
    "\n",
    "each_manual_num = 5\n",
    "#each_manual_num = None\n",
    "#total_manual_num = None\n",
    "total_manual_num = 20\n",
    "budget_opt = 27700\n",
    "\n",
    "discretize_time = 10\n",
    "num_dynamic_time = np.linspace(2,220,Nt)\n",
    "    \n",
    "#print(num_dynamic_time)\n",
    "\n",
    "dynamic_time_dict = {}\n",
    "for i, tim in enumerate(num_dynamic_time):\n",
    "    dynamic_time_dict[i] = tim \n",
    "    \n",
    "#print(dynamic_time_dict)"
   ]
  },
  {
   "cell_type": "code",
   "execution_count": 35,
   "id": "6678f339",
   "metadata": {
    "scrolled": true
   },
   "outputs": [
    {
     "name": "stdout",
     "output_type": "stream",
     "text": [
      "{'ele_0_0': 5547.819413862037, 'ele_0_1': -2.7989695079930907, 'ele_0_2': -4142.978078958834, 'ele_0_3': 10990.232885489535, 'ele_0_4': -494.07216522961767, 'ele_1_1': 5.208260254418963, 'ele_1_2': 7.608480416183696, 'ele_1_3': 50.68245631431674, 'ele_1_4': -10.426116776757201, 'ele_2_2': 3324.8392276658083, 'ele_2_3': -8521.653655909617, 'ele_2_4': 168.12221904300958, 'ele_3_3': 25286.42731937437, 'ele_3_4': -896.8116552992137, 'ele_4_4': 367.3150958511481}\n",
      "initialize with: {'ele_0_0': 5547.819413862037, 'ele_0_1': -2.7989695079930907, 'ele_0_2': -4142.978078958834, 'ele_0_3': 10990.232885489535, 'ele_0_4': -494.07216522961767, 'ele_1_1': 5.208260254418963, 'ele_1_2': 7.608480416183696, 'ele_1_3': 50.68245631431674, 'ele_1_4': -10.426116776757201, 'ele_2_2': 3324.8392276658083, 'ele_2_3': -8521.653655909617, 'ele_2_4': 168.12221904300958, 'ele_3_3': 25286.42731937437, 'ele_3_4': -896.8116552992137, 'ele_4_4': 367.3150958511481}\n",
      "initialized\n",
      "initialized\n",
      "initialized\n",
      "initialized\n",
      "initialized\n",
      "initialized\n",
      "initialized\n",
      "initialized\n",
      "initialized\n",
      "initialized\n",
      "initialized\n",
      "initialized\n",
      "initialized\n",
      "initialized\n",
      "initialized\n",
      "\n",
      " Consider M =\n",
      " [[ 5.54781941e+03 -2.79896951e+00 -4.14297808e+03  1.09902329e+04\n",
      "  -4.94072165e+02]\n",
      " [-2.79896951e+00  5.20826025e+00  7.60848042e+00  5.06824563e+01\n",
      "  -1.04261168e+01]\n",
      " [-4.14297808e+03  7.60848042e+00  3.32483923e+03 -8.52165366e+03\n",
      "   1.68122219e+02]\n",
      " [ 1.09902329e+04  5.06824563e+01 -8.52165366e+03  2.52864273e+04\n",
      "  -8.96811655e+02]\n",
      " [-4.94072165e+02 -1.04261168e+01  1.68122219e+02 -8.96811655e+02\n",
      "   3.67315096e+02]]\n",
      "[5547.819413862037, -2.7989695079930907, -4142.978078958834, 10990.232885489535, -494.07216522961767, 5.208260254418963, 7.608480416183696, 50.68245631431674, -10.426116776757201, 3324.8392276658083, -8521.653655909617, 168.12221904300958, 25286.42731937437, -896.8116552992137, 367.3150958511481]\n",
      "   logdet =  28.333665661197024 \n",
      "\n",
      "Eigvals: [3.32234242e+04 8.23979103e+02 4.34939037e+02 4.55435728e+01\n",
      " 3.72339039e+00]\n",
      "\n",
      " Consider M =\n",
      " [[ 5.54782982e+03 -2.80184463e+00 -4.14302302e+03  1.09902019e+04\n",
      "  -4.94059282e+02]\n",
      " [-2.80184463e+00  5.20859853e+00  7.60780325e+00  5.06836635e+01\n",
      "  -1.04255286e+01]\n",
      " [-4.14302302e+03  7.60780325e+00  3.32486155e+03 -8.52174073e+03\n",
      "   1.68133310e+02]\n",
      " [ 1.09902019e+04  5.06836635e+01 -8.52174073e+03  2.52863974e+04\n",
      "  -8.96748744e+02]\n",
      " [-4.94059282e+02 -1.04255286e+01  1.68133310e+02 -8.96748744e+02\n",
      "   3.67314812e+02]]\n",
      "[5547.829822882639, -2.8018446254234797, -4143.0230238673785, 10990.201859478288, -494.0592819356954, 5.208598527467558, 7.607803254334168, 50.68366350619631, -10.425528624033653, 3324.8615545820458, -8521.74073041144, 168.13331045451224, 25286.397366725065, -896.748743768586, 367.3148120618997]\n",
      "   logdet =  28.333538695196975 \n",
      "\n",
      "Eigvals: [3.32234370e+04 8.23993758e+02 4.34921422e+02 4.55364396e+01\n",
      " 3.72358402e+00]\n",
      "\n",
      " Consider M =\n",
      " [[ 5.55761327e+03 -2.83620657e+00 -4.15092222e+03  1.10092212e+04\n",
      "  -4.94580775e+02]\n",
      " [-2.83620657e+00  5.23711955e+00  7.61540909e+00  5.09679624e+01\n",
      "  -1.04412188e+01]\n",
      " [-4.15092222e+03  7.61540909e+00  3.33095687e+03 -8.53804769e+03\n",
      "   1.68800150e+02]\n",
      " [ 1.10092212e+04  5.09679624e+01 -8.53804769e+03  2.53366644e+04\n",
      "  -8.98001662e+02]\n",
      " [-4.94580775e+02 -1.04412188e+01  1.68800150e+02 -8.98001662e+02\n",
      "   3.67438869e+02]]\n",
      "[5557.613273265241, -2.8362065749035374, -4150.92221984222, 11009.221209711279, -494.5807745296797, 5.237119552612827, 7.615409088734605, 50.96796238383814, -10.441218829717286, 3330.956871560482, -8538.047691044527, 168.80015029375193, 25336.664431086254, -898.0016621195487, 367.43886890183705]\n",
      "   logdet =  28.344214820569494 \n",
      "\n",
      "Eigvals: [3.32868784e+04 8.26943884e+02 4.34787043e+02 4.55589468e+01\n",
      " 3.74228373e+00]\n",
      "\n",
      " Consider M =\n",
      " [[ 5.56794024e+03 -2.85760987e+00 -4.15891954e+03  1.10299065e+04\n",
      "  -4.95236615e+02]\n",
      " [-2.85760987e+00  5.24332354e+00  7.62263889e+00  5.10022650e+01\n",
      "  -1.04478917e+01]\n",
      " [-4.15891954e+03  7.62263889e+00  3.33726129e+03 -8.55448462e+03\n",
      "   1.69146712e+02]\n",
      " [ 1.10299065e+04  5.10022650e+01 -8.55448462e+03  2.53829178e+04\n",
      "  -8.99388297e+02]\n",
      " [-4.95236615e+02 -1.04478917e+01  1.69146712e+02 -8.99388297e+02\n",
      "   3.67797091e+02]]\n",
      "[5567.940241415137, -2.8576098718711, -4158.919544620049, 11029.90650870967, -495.2366154195407, 5.243323540237653, 7.622638885806386, 51.00226495780596, -10.44789167874364, 3337.2612863936397, -8554.48461646683, 169.14671204693863, 25382.917794174264, -899.3882966313345, 367.7970907654478]\n",
      "   logdet =  28.34976213410551 \n",
      "\n",
      "Eigvals: [3.33486182e+04 8.28068972e+02 4.35163539e+02 4.55614012e+01\n",
      " 3.74758361e+00]\n",
      "\n",
      " Consider M =\n",
      " [[ 5.56781215e+03 -2.85741359e+00 -4.15882168e+03  1.10296513e+04\n",
      "  -4.95228244e+02]\n",
      " [-2.85741359e+00  5.24328918e+00  7.62245479e+00  5.10023038e+01\n",
      "  -1.04478400e+01]\n",
      " [-4.15882168e+03  7.62245479e+00  3.33718347e+03 -8.55428624e+03\n",
      "   1.69143027e+02]\n",
      " [ 1.10296513e+04  5.10023038e+01 -8.55428624e+03  2.53823666e+04\n",
      "  -8.99374438e+02]\n",
      " [-4.95228244e+02 -1.04478400e+01  1.69143027e+02 -8.99374438e+02\n",
      "   3.67793223e+02]]\n",
      "[5567.8121547557885, -2.857413585445014, -4158.821679628864, 11029.65125751332, -495.22824438775797, 5.243289180101741, 7.622454794745531, 51.00230378755428, -10.44783995838066, 3337.1834691287804, -8554.286236569986, 169.14302703503665, 25382.36656098222, -899.3744380182235, 367.79322292359353]\n",
      "   logdet =  28.34969655308929 \n",
      "\n",
      "Eigvals: [3.33478737e+04 8.28057969e+02 4.35158464e+02 4.55609794e+01\n",
      " 3.74754970e+00]\n",
      "\n",
      " Consider M =\n",
      " [[ 5.58191529e+03 -2.88784185e+00 -4.16975702e+03  1.10577649e+04\n",
      "  -4.96015460e+02]\n",
      " [-2.88784185e+00  5.24602715e+00  7.64213411e+00  5.09715813e+01\n",
      "  -1.04465771e+01]\n",
      " [-4.16975702e+03  7.64213411e+00  3.34580967e+03 -8.57638581e+03\n",
      "   1.69594469e+02]\n",
      " [ 1.10577649e+04  5.09715813e+01 -8.57638581e+03  2.54424919e+04\n",
      "  -9.00694429e+02]\n",
      " [-4.96015460e+02 -1.04465771e+01  1.69594469e+02 -9.00694429e+02\n",
      "   3.68039019e+02]]\n",
      "[5581.915290709266, -2.8878418488595936, -4169.757021959945, 11057.764929076504, -496.01545976430185, 5.2460271543043255, 7.642134107093393, 50.97158127909716, -10.446577084128057, 3345.8096666884317, -8576.38581200944, 169.59446860224293, 25442.491869958994, -900.6944287266696, 368.03901917126586]\n",
      "   logdet =  28.355232437248823 \n",
      "\n",
      "Eigvals: [3.34295891e+04 8.29126342e+02 4.35463910e+02 4.55717942e+01\n",
      " 3.75077432e+00]\n",
      "\n",
      " Consider M =\n",
      " [[ 5.58186036e+03 -2.88774016e+00 -4.16971511e+03  1.10576561e+04\n",
      "  -4.96011733e+02]\n",
      " [-2.88774016e+00  5.24601449e+00  7.64206593e+00  5.09716262e+01\n",
      "  -1.04465621e+01]\n",
      " [-4.16971511e+03  7.64206593e+00  3.34577618e+03 -8.57630083e+03\n",
      "   1.69593105e+02]\n",
      " [ 1.10576561e+04  5.09716262e+01 -8.57630083e+03  2.54422591e+04\n",
      "  -9.00689265e+02]\n",
      " [-4.96011733e+02 -1.04465621e+01  1.69593105e+02 -9.00689265e+02\n",
      "   3.68037181e+02]]\n",
      "[5581.860357983283, -2.8877401575083996, -4169.715113187761, 11057.65609708241, -496.0117330326424, 5.246014490935652, 7.64206593028392, 50.97162622167783, -10.446562121155813, 3345.776177359621, -8576.30082703109, 169.59310532032325, 25442.259070333632, -900.6892652754182, 368.03718099129355]\n",
      "   logdet =  28.355205900679632 \n",
      "\n",
      "Eigvals: [3.34292730e+04 8.29122027e+02 4.35461320e+02 4.55716841e+01\n",
      " 3.75076115e+00]\n",
      "\n",
      " Consider M =\n",
      " [[ 5.57618283e+03 -2.87776760e+00 -4.16537963e+03  1.10464040e+04\n",
      "  -4.95634061e+02]\n",
      " [-2.87776760e+00  5.24407704e+00  7.63513208e+00  5.09675831e+01\n",
      "  -1.04439900e+01]\n",
      " [-4.16537963e+03  7.63513208e+00  3.34231372e+03 -8.56748580e+03\n",
      "   1.69438795e+02]\n",
      " [ 1.10464040e+04  5.09675831e+01 -8.56748580e+03  2.54177739e+04\n",
      "  -9.00141603e+02]\n",
      " [-4.95634061e+02 -1.04439900e+01  1.69438795e+02 -9.00141603e+02\n",
      "   3.67841371e+02]]\n",
      "[5576.182831849341, -2.877767597872735, -4165.379633141671, 11046.404031483207, -495.6340609727596, 5.244077039143439, 7.635132084517709, 50.96758306557061, -10.443990002698152, 3342.3137175041006, -8567.48579555314, 169.43879453534703, 25417.773852823724, -900.141602547264, 367.8413713074976]\n",
      "   logdet =  28.352018970053436 \n",
      "\n",
      "Eigvals: [3.33962671e+04 8.28587333e+02 4.35203162e+02 4.55492339e+01\n",
      " 3.74900530e+00]\n",
      "\n",
      " Consider M =\n",
      " [[ 5.59050274e+03 -2.95455993e+00 -4.17685292e+03  1.10745814e+04\n",
      "  -4.95897771e+02]\n",
      " [-2.95455993e+00  5.22968917e+00  7.66058460e+00  5.06688770e+01\n",
      "  -1.03839908e+01]\n",
      " [-4.17685292e+03  7.66058460e+00  3.35129606e+03 -8.58998652e+03\n",
      "   1.69678240e+02]\n",
      " [ 1.10745814e+04  5.06688770e+01 -8.58998652e+03  2.54683029e+04\n",
      "  -8.99445574e+02]\n",
      " [-4.95897771e+02 -1.03839908e+01  1.69678240e+02 -8.99445574e+02\n",
      "   3.67108785e+02]]\n",
      "[5590.50274415604, -2.954559931742323, -4176.85292195748, 11074.581399253859, -495.8977710674234, 5.229689166026705, 7.660584597708583, 50.66887695327858, -10.383990790592346, 3351.296063434095, -8589.98652482742, 169.6782400856207, 25468.302890037303, -899.445574000586, 367.10878531487253]\n",
      "   logdet =  28.344913163993596 \n",
      "\n",
      "Eigvals: [3.34710576e+04 8.27643288e+02 4.34676329e+02 4.53213961e+01\n",
      " 3.74160102e+00]\n"
     ]
    },
    {
     "name": "stdout",
     "output_type": "stream",
     "text": [
      "\n",
      " Consider M =\n",
      " [[ 5.58526853e+03 -2.97326805e+00 -4.17294391e+03  1.10631409e+04\n",
      "  -4.95540720e+02]\n",
      " [-2.97326805e+00  5.22992778e+00  7.64351677e+00  5.06377137e+01\n",
      "  -1.03599022e+01]\n",
      " [-4.17294391e+03  7.64351677e+00  3.34827778e+03 -8.58228687e+03\n",
      "   1.69345016e+02]\n",
      " [ 1.10631409e+04  5.06377137e+01 -8.58228687e+03  2.54427274e+04\n",
      "  -8.97575175e+02]\n",
      " [-4.95540720e+02 -1.03599022e+01  1.69345016e+02 -8.97575175e+02\n",
      "   3.66911982e+02]]\n",
      "[5585.26852864115, -2.973268053241842, -4172.943912361064, 11063.140919225085, -495.5407199664204, 5.229927780127614, 7.643516766201278, 50.63771370470927, -10.359902161217407, 3348.277781210094, -8582.286866519556, 169.34501637304191, 25442.727408888386, -897.5751749746203, 366.91198247363906]\n",
      "   logdet =  28.340009226870794 \n",
      "\n",
      "Eigvals: [3.34378209e+04 8.27065835e+02 4.34612717e+02 4.51738604e+01\n",
      " 3.74232879e+00]\n",
      "\n",
      " Consider M =\n",
      " [[ 5.56201880e+03 -3.04351432e+00 -4.15577277e+03  1.10154157e+04\n",
      "  -4.90452835e+02]\n",
      " [-3.04351432e+00  5.20349292e+00  7.67901280e+00  5.01046774e+01\n",
      "  -1.00832520e+01]\n",
      " [-4.15577277e+03  7.67901280e+00  3.33527401e+03 -8.54748772e+03\n",
      "   1.67835296e+02]\n",
      " [ 1.10154157e+04  5.01046774e+01 -8.54748772e+03  2.53330657e+04\n",
      "  -8.85426964e+02]\n",
      " [-4.90452835e+02 -1.00832520e+01  1.67835296e+02 -8.85426964e+02\n",
      "   3.60218311e+02]]\n",
      "[5562.018798536129, -3.043514319721977, -4155.772774107728, 11015.415736369274, -490.452835261687, 5.203492924550831, 7.679012800252601, 50.10467744759267, -10.083251986544191, 3335.2740115330475, -8547.487722435095, 167.83529587607202, 25333.065682421256, -885.426963691623, 360.21831113197493]\n",
      "   logdet =  28.313312704184952 \n",
      "\n",
      "Eigvals: [3.32947356e+04 8.23791222e+02 4.28378195e+02 4.51455292e+01\n",
      " 3.72975785e+00]\n",
      "\n",
      " Consider M =\n",
      " [[ 5.56240065e+03 -3.12958916e+00 -4.15712411e+03  1.10154474e+04\n",
      "  -4.89199183e+02]\n",
      " [-3.12958916e+00  5.19989619e+00  7.67445274e+00  4.99327040e+01\n",
      "  -9.99684494e+00]\n",
      " [-4.15712411e+03  7.67445274e+00  3.33614416e+03 -8.54994343e+03\n",
      "   1.67876456e+02]\n",
      " [ 1.10154474e+04  4.99327040e+01 -8.54994343e+03  2.53297518e+04\n",
      "  -8.82117389e+02]\n",
      " [-4.89199183e+02 -9.99684494e+00  1.67876456e+02 -8.82117389e+02\n",
      "   3.58209504e+02]]\n",
      "[5562.400651383277, -3.1295891575200803, -4157.124105829693, 11015.447350958137, -489.1991833540905, 5.199896189697191, 7.674452736789184, 49.932703969297584, -9.996844943205256, 3336.144155177971, -8549.943426227617, 167.87645620536816, 25329.75182990728, -882.1173888209047, 358.20950360742665]\n",
      "   logdet =  28.300960302259973 \n",
      "\n",
      "Eigvals: [3.32937951e+04 8.23129592e+02 4.26189808e+02 4.48621754e+01\n",
      " 3.72937440e+00]\n",
      "\n",
      " Consider M =\n",
      " [[ 5.55421169e+03 -3.16990803e+00 -4.15114801e+03  1.09984528e+04\n",
      "  -4.86933113e+02]\n",
      " [-3.16990803e+00  5.18974012e+00  7.69421212e+00  4.97004371e+01\n",
      "  -9.86179560e+00]\n",
      " [-4.15114801e+03  7.69421212e+00  3.33171194e+03 -8.53789449e+03\n",
      "   1.67242614e+02]\n",
      " [ 1.09984528e+04  4.97004371e+01 -8.53789449e+03  2.52907604e+04\n",
      "  -8.76647502e+02]\n",
      " [-4.86933113e+02 -9.86179560e+00  1.67242614e+02 -8.76647502e+02\n",
      "   3.54962887e+02]]\n",
      "[5554.2116911879375, -3.16990803057477, -4151.148012954323, 10998.45278645649, -486.93311297717923, 5.189740121633498, 7.694212115369899, 49.70043714408713, -9.861795603785504, 3331.7119407632767, -8537.894487252774, 167.2426138053211, 25290.760383933437, -876.6475017197887, 354.9628866691687]\n",
      "   logdet =  28.28934992955062 \n",
      "\n",
      "Eigvals: [3.32430601e+04 8.22008577e+02 4.23207352e+02 4.48353237e+01\n",
      " 3.72526964e+00]\n",
      "\n",
      " Consider M =\n",
      " [[ 5.55094020e+03 -3.17305727e+00 -4.14853449e+03  1.09917050e+04\n",
      "  -4.86007903e+02]\n",
      " [-3.17305727e+00  5.18660523e+00  7.70935258e+00  4.96253356e+01\n",
      "  -9.80679069e+00]\n",
      " [-4.14853449e+03  7.70935258e+00  3.32989852e+03 -8.53277547e+03\n",
      "   1.66911734e+02]\n",
      " [ 1.09917050e+04  4.96253356e+01 -8.53277547e+03  2.52765964e+04\n",
      "  -8.74411437e+02]\n",
      " [-4.86007903e+02 -9.80679069e+00  1.66911734e+02 -8.74411437e+02\n",
      "   3.53626618e+02]]\n",
      "[5550.940198740858, -3.1730572729437, -4148.534485434271, 10991.70504084349, -486.0079031030043, 5.186605234777599, 7.709352578644026, 49.62533556618482, -9.806790689315944, 3329.898516728381, -8532.77546788686, 166.9117344578491, 25276.596360797765, -874.4114366344302, 353.6266183572719]\n",
      "   logdet =  28.287698229197595 \n",
      "\n",
      "Eigvals: [3.32236642e+04 8.21853808e+02 4.22079580e+02 4.49263680e+01\n",
      " 3.72437579e+00]\n",
      "\n",
      " Consider M =\n",
      " [[ 5.55731085e+03 -3.22715250e+00 -4.15380809e+03  1.10037591e+04\n",
      "  -4.85486874e+02]\n",
      " [-3.22715250e+00  5.19164002e+00  7.72779355e+00  4.95737998e+01\n",
      "  -9.74334732e+00]\n",
      " [-4.15380809e+03  7.72779355e+00  3.33416200e+03 -8.54358772e+03\n",
      "   1.67017072e+02]\n",
      " [ 1.10037591e+04  4.95737998e+01 -8.54358772e+03  2.53037333e+04\n",
      "  -8.72629777e+02]\n",
      " [-4.85486874e+02 -9.74334732e+00  1.67017072e+02 -8.72629777e+02\n",
      "   3.52263596e+02]]\n",
      "[5557.310847485682, -3.2271525041172966, -4153.808087365933, 11003.759063408359, -485.48687364116574, 5.191640019128961, 7.727793547449949, 49.573799760364, -9.743347322362848, 3334.1619966528856, -8543.587720841815, 167.01707209767545, 25303.733334053326, -872.629776740784, 352.26359599893397]\n",
      "   logdet =  28.28751461331509 \n",
      "\n",
      "Eigvals: [3.32605210e+04 8.22715467e+02 4.20803052e+02 4.48920652e+01\n",
      " 3.72978954e+00]\n",
      "\n",
      " Consider M =\n",
      " [[ 5.54855789e+03 -3.29665616e+00 -4.14791968e+03  1.09855163e+04\n",
      "  -4.83050579e+02]\n",
      " [-3.29665616e+00  5.17893292e+00  7.73400808e+00  4.92860957e+01\n",
      "  -9.60372439e+00]\n",
      " [-4.14791968e+03  7.73400808e+00  3.32955273e+03 -8.53142803e+03\n",
      "   1.66504715e+02]\n",
      " [ 1.09855163e+04  4.92860957e+01 -8.53142803e+03  2.52594233e+04\n",
      "  -8.66720313e+02]\n",
      " [-4.83050579e+02 -9.60372439e+00  1.66504715e+02 -8.66720313e+02\n",
      "   3.48918002e+02]]\n",
      "[5548.5578852827775, -3.296656164425733, -4147.91968458823, 10985.516254261835, -483.05057850274727, 5.178932917095206, 7.734008078286916, 49.286095745023275, -9.603724389497824, 3329.552733792452, -8531.428025004569, 166.50471472163366, 25259.4232664315, -866.7203132139185, 348.91800158971415]\n",
      "   logdet =  28.269646897644506 \n",
      "\n",
      "Eigvals: [3.32047617e+04 8.20974144e+02 4.17483647e+02 4.46873911e+01\n",
      " 3.72389422e+00]\n",
      "\n",
      " Consider M =\n",
      " [[ 5.54842426e+03 -3.29730331e+00 -4.14782596e+03  1.09852426e+04\n",
      "  -4.83022604e+02]\n",
      " [-3.29730331e+00  5.17876154e+00  7.73400420e+00  4.92828203e+01\n",
      "  -9.60226376e+00]\n",
      " [-4.14782596e+03  7.73400420e+00  3.32947880e+03 -8.53123493e+03\n",
      "   1.66498062e+02]\n",
      " [ 1.09852426e+04  4.92828203e+01 -8.53123493e+03  2.52587699e+04\n",
      "  -8.66654667e+02]\n",
      " [-4.83022604e+02 -9.60226376e+00  1.66498062e+02 -8.66654667e+02\n",
      "   3.48882260e+02]]\n",
      "[5548.42426465477, -3.2973033085441275, -4147.825957360576, 10985.242620620038, -483.02260427737707, 5.178761544031902, 7.734004202742927, 49.28282029180024, -9.60226376265088, 3329.4788002522123, -8531.23493032431, 166.49806249296532, 25258.769910092265, -866.6546674318924, 348.88225986731806]\n",
      "   logdet =  28.26942834890952 \n",
      "\n",
      "Eigvals: [3.32039276e+04 8.20949776e+02 4.17447767e+02 4.46850044e+01\n",
      " 3.72380340e+00]\n",
      "\n",
      " Consider M =\n",
      " [[ 5.54842069e+03 -3.29734368e+00 -4.14782376e+03  1.09852352e+04\n",
      "  -4.83021273e+02]\n",
      " [-3.29734368e+00  5.17875556e+00  7.73400814e+00  4.92826715e+01\n",
      "  -9.60218951e+00]\n",
      " [-4.14782376e+03  7.73400814e+00  3.32947704e+03 -8.53123029e+03\n",
      "   1.66497885e+02]\n",
      " [ 1.09852352e+04  4.92826715e+01 -8.53123029e+03  2.52587515e+04\n",
      "  -8.66651639e+02]\n",
      " [-4.83021273e+02 -9.60218951e+00  1.66497885e+02 -8.66651639e+02\n",
      "   3.48880338e+02]]\n",
      "[5548.420685178407, -3.297343676762074, -4147.823764465862, 10985.235225779254, -483.02127298429525, 5.178755559811247, 7.734008139450196, 49.28267148948576, -9.602189508536437, 3329.4770389742653, -8531.230294621439, 166.49788545702353, 25258.751491149866, -866.6516393278287, 348.88033762729737]\n",
      "   logdet =  28.269418649939528 \n",
      "\n",
      "Eigvals: [3.32039049e+04 8.20948964e+02 4.17445795e+02 4.46848874e+01\n",
      " 3.72380086e+00]\n",
      "\n",
      " Consider M =\n",
      " [[ 5.52725787e+03 -3.48339023e+00 -4.13433760e+03  1.09420765e+04\n",
      "  -4.76336996e+02]\n",
      " [-3.48339023e+00  5.14632617e+00  7.74486691e+00  4.85455334e+01\n",
      "  -9.24766369e+00]\n",
      " [-4.13433760e+03  7.74486691e+00  3.31860761e+03 -8.50284477e+03\n",
      "   1.65577409e+02]\n",
      " [ 1.09420765e+04  4.85455334e+01 -8.50284477e+03  2.51527686e+04\n",
      "  -8.51831428e+02]\n",
      " [-4.76336996e+02 -9.24766369e+00  1.65577409e+02 -8.51831428e+02\n",
      "   3.39492622e+02]]\n",
      "[5527.257868627312, -3.483390229622426, -4134.3376024301415, 10942.07653036998, -476.33699595563326, 5.1463261667585645, 7.744866913638696, 48.5455334121853, -9.247663689822902, 3318.6076088895898, -8502.844768112484, 165.57740889066474, 25152.76863688071, -851.8314282704312, 339.4926216665876]\n",
      "   logdet =  28.21889439609111 \n",
      "\n",
      "Eigvals: [3.30713047e+04 8.16458563e+02 4.07710874e+02 4.40901244e+01\n",
      " 3.70877959e+00]\n"
     ]
    },
    {
     "name": "stdout",
     "output_type": "stream",
     "text": [
      "\n",
      " Consider M =\n",
      " [[ 5.52603471e+03 -3.48543892e+00 -4.13345748e+03  1.09396404e+04\n",
      "  -4.76161772e+02]\n",
      " [-3.48543892e+00  5.14498500e+00  7.74373603e+00  4.85267424e+01\n",
      "  -9.24109418e+00]\n",
      " [-4.13345748e+03  7.74373603e+00  3.31789909e+03 -8.50102268e+03\n",
      "   1.65537831e+02]\n",
      " [ 1.09396404e+04  4.85267424e+01 -8.50102268e+03  2.51470583e+04\n",
      "  -8.51481260e+02]\n",
      " [-4.76161772e+02 -9.24109418e+00  1.65537831e+02 -8.51481260e+02\n",
      "   3.39300395e+02]]\n",
      "[5526.034712006184, -3.485438924275217, -4133.457483365157, 10939.640421991564, -476.16177216369886, 5.144984995130925, 7.743736029938226, 48.52674237358, -9.241094178233123, 3317.8990948018013, -8501.022682572913, 165.53783103519677, 25147.058334177622, -851.4812604735026, 339.30039485900693]\n",
      "   logdet =  28.217305596900598 \n",
      "\n",
      "Eigvals: [3.30638992e+04 8.16255489e+02 4.07501160e+02 4.40737077e+01\n",
      " 3.70792974e+00]\n",
      "\n",
      " Consider M =\n",
      " [[ 5.52619417e+03 -3.48563446e+00 -4.13357907e+03  1.09399584e+04\n",
      "  -4.76172718e+02]\n",
      " [-3.48563446e+00  5.14507339e+00  7.74396992e+00  4.85273272e+01\n",
      "  -9.24122871e+00]\n",
      " [-4.13357907e+03  7.74396992e+00  3.31799550e+03 -8.50126967e+03\n",
      "   1.65543132e+02]\n",
      " [ 1.09399584e+04  4.85273272e+01 -8.50126967e+03  2.51477628e+04\n",
      "  -8.51501472e+02]\n",
      " [-4.76172718e+02 -9.24122871e+00  1.65543132e+02 -8.51501472e+02\n",
      "   3.39305956e+02]]\n",
      "[5526.1941663339585, -3.485634462559126, -4133.579070324193, 10939.958387387709, -476.1727182105756, 5.145073388021803, 7.743969919363454, 48.52732723803036, -9.241228710020048, 3317.9955002263086, -8501.269671222011, 165.5431317075738, 25147.762764468833, -851.5014723995594, 339.3059561765909]\n",
      "   logdet =  28.217408588931672 \n",
      "\n",
      "Eigvals: [3.30648401e+04 8.16273180e+02 4.07507680e+02 4.40745198e+01\n",
      " 3.70799810e+00]\n",
      "\n",
      " Consider M =\n",
      " [[ 5.53148439e+03 -3.49071073e+00 -4.13757759e+03  1.09504744e+04\n",
      "  -4.76578805e+02]\n",
      " [-3.49071073e+00  5.14900525e+00  7.75164610e+00  4.85596777e+01\n",
      "  -9.24765841e+00]\n",
      " [-4.13757759e+03  7.75164610e+00  3.32118381e+03 -8.50943978e+03\n",
      "   1.65711489e+02]\n",
      " [ 1.09504744e+04  4.85596777e+01 -8.50943978e+03  2.51714801e+04\n",
      "  -8.52242585e+02]\n",
      " [-4.76578805e+02 -9.24765841e+00  1.65711489e+02 -8.52242585e+02\n",
      "   3.39556312e+02]]\n",
      "[5531.484391435274, -3.490710730900637, -4137.577594217496, 10950.474356771361, -476.57880481781456, 5.149005249490049, 7.751646097723457, 48.55967768912877, -9.24765841211156, 3321.183806361103, -8509.4397779663, 165.71148852415638, 25171.480126773124, -852.2425847500226, 339.5563115777463]\n",
      "   logdet =  28.221488228236915 \n",
      "\n",
      "Eigvals: [3.30962760e+04 8.16953059e+02 4.07804670e+02 4.41089433e+01\n",
      " 3.71091944e+00]\n",
      "\n",
      " Consider M =\n",
      " [[ 5.53695967e+03 -3.48527800e+00 -4.14154100e+03  1.09612679e+04\n",
      "  -4.77291544e+02]\n",
      " [-3.48527800e+00  5.15526982e+00  7.75881227e+00  4.86325198e+01\n",
      "  -9.27052128e+00]\n",
      " [-4.14154100e+03  7.75881227e+00  3.32438846e+03 -8.51764847e+03\n",
      "   1.65863221e+02]\n",
      " [ 1.09612679e+04  4.86325198e+01 -8.51764847e+03  2.51966083e+04\n",
      "  -8.53525291e+02]\n",
      " [-4.77291544e+02 -9.27052128e+00  1.65863221e+02 -8.53525291e+02\n",
      "   3.40305741e+02]]\n",
      "[5536.9596667526985, -3.4852780026822927, -4141.541002272714, 10961.2678936281, -477.2915439739798, 5.155269821861863, 7.758812274711184, 48.63251978264202, -9.270521276371955, 3324.388464155739, -8517.648471357816, 165.8632208752016, 25196.608253854418, -853.5252906497542, 340.30574140625794]\n",
      "   logdet =  28.228235510532983 \n",
      "\n",
      "Eigvals: [3.31290423e+04 8.17836403e+02 4.08649131e+02 4.41744793e+01\n",
      " 3.71509205e+00]\n",
      "\n",
      " Consider M =\n",
      " [[ 5.54043899e+03 -3.26343778e+00 -4.14188418e+03  1.09684457e+04\n",
      "  -4.83227544e+02]\n",
      " [-3.26343778e+00  5.17002382e+00  7.74035263e+00  4.90918251e+01\n",
      "  -9.65879734e+00]\n",
      " [-4.14188418e+03  7.74035263e+00  3.32449043e+03 -8.51838608e+03\n",
      "   1.66313239e+02]\n",
      " [ 1.09684457e+04  4.90918251e+01 -8.51838608e+03  2.52112111e+04\n",
      "  -8.65769524e+02]\n",
      " [-4.83227544e+02 -9.65879734e+00  1.66313239e+02 -8.65769524e+02\n",
      "   3.50727758e+02]]\n",
      "[5540.438987316425, -3.2634377765079536, -4141.8841813515255, 10968.445651853845, -483.2275441839435, 5.17002381646761, 7.740352626691651, 49.091825130863846, -9.658797336016374, 3324.4904254280564, -8518.386080297676, 166.31323926443054, 25211.211126942602, -865.7695240495191, 350.7277584231952]\n",
      "   logdet =  28.265158415807313 \n",
      "\n",
      "Eigvals: [3.31467450e+04 8.17987505e+02 4.18923424e+02 4.46661409e+01\n",
      " 3.71622240e+00]\n",
      "\n",
      " Consider M =\n",
      " [[ 5.54067363e+03 -3.24733164e+00 -4.14191785e+03  1.09689720e+04\n",
      "  -4.83614215e+02]\n",
      " [-3.24733164e+00  5.17117099e+00  7.73851390e+00  4.91273631e+01\n",
      "  -9.68619142e+00]\n",
      " [-4.14191785e+03  7.73851390e+00  3.32449900e+03 -8.51845908e+03\n",
      "   1.66363623e+02]\n",
      " [ 1.09689720e+04  4.91273631e+01 -8.51845908e+03  2.52123850e+04\n",
      "  -8.66645225e+02]\n",
      " [-4.83614215e+02 -9.68619142e+00  1.66363623e+02 -8.66645225e+02\n",
      "   3.51399944e+02]]\n",
      "[5540.673625134297, -3.247331640437352, -4141.917849205076, 10968.971964993176, -483.61421468448447, 5.1711709892984565, 7.7385139048605645, 49.12736314969303, -9.686191419462375, 3324.4990017654845, -8518.459081523004, 166.36362346803446, 25212.38495560113, -866.6452249012498, 351.3999440862957]\n",
      "   logdet =  28.267644617074936 \n",
      "\n",
      "Eigvals: [3.31481282e+04 8.18010527e+02 4.19569909e+02 4.47037516e+01\n",
      " 3.71634365e+00]\n",
      "\n",
      " Consider M =\n",
      " [[ 5.54093425e+03 -3.22709189e+00 -4.14196691e+03  1.09696100e+04\n",
      "  -4.84063975e+02]\n",
      " [-3.22709189e+00  5.17266611e+00  7.73547460e+00  4.91739856e+01\n",
      "  -9.72119773e+00]\n",
